STATIONS_ID;MESS_DATUM;QN_3;  FX;  FM;QN_4; RSK;RSKF; SDK;SHK_TAG;  NM; VPM;  PM; TMK; UPM; TXK; TNK; TGK;eor
       1443;20191015;   10;  11.6;   3.3;    3;   8.7;   6;    0.200;   0;   7.3;  12.7;  982.06;   13.1;   84.04;   18.1;    9.7;    6.8;eor
       1443;20191016;   10;  11.3;   4.1;    3;   0.3;   6;    7.550;   0;   4.5;  10.1;  987.45;   13.9;   64.92;   18.8;    9.0;    6.6;eor
       1443;20191017;   10;  11.0;   3.1;    3;   2.6;   6;    2.717;   0;   7.9;  12.2;  987.06;   16.1;   67.42;   20.9;   10.0;    9.0;eor
       1443;20191018;   10;  17.9;   3.7;    3;  19.6;   8;    2.717;   0;   7.5;  13.3;  985.07;   15.6;   75.21;   20.8;   12.8;   10.0;eor
       1443;20191019;   10;  11.2;   2.4;    3;  14.8;   6;    0.000;   0;   7.8;  13.6;  982.12;   13.6;   87.46;   16.6;   11.9;   10.8;eor
       1443;20191020;   10;   7.2;   1.4;    3;   1.0;   6;    5.583;   0;   7.7;  14.3;  980.55;   14.3;   88.25;   18.9;   10.4;    9.0;eor
       1443;20191021;   10;   6.6;   2.0;    3;   5.1;   6;    0.000;   0;   7.9;  14.0;  991.02;   14.6;   84.17;   16.5;   12.6;   12.1;eor
       1443;20191022;   10;   4.5;   1.4;    3;   0.0;   6;    0.167;   0;   7.9;  13.9;  994.48;   12.8;   94.04;   14.2;   10.9;    9.7;eor
       1443;20191023;   10;   6.4;   1.5;    3;   0.0;   0;    0.000;   0;   8.0;  13.4;  986.33;   12.3;   93.50;   13.2;   11.0;    9.5;eor
       1443;20191024;   10;   8.0;   2.2;    3;   0.0;   0;    3.150;   0;   7.8;  12.5;  985.09;   14.5;   77.46;   19.5;   10.5;    8.8;eor
       1443;20191025;   10;   8.8;   2.3;    3;   0.0;   0;    7.600;   0;   7.2;  11.7;  994.10;   13.8;   75.04;   18.9;    6.9;    3.7;eor
       1443;20191026;   10;   9.2;   1.9;    3;   0.0;   0;    8.583;   0;   3.7;  10.4;  992.59;   12.7;   74.29;   21.8;    5.3;    2.1;eor
       1443;20191027;   10;   8.7;   2.9;    3;   3.7;   6;    4.583;   0;   7.1;  13.1;  992.25;   17.0;   68.42;   20.8;    8.8;    7.3;eor
       1443;20191028;   10;   4.5;   2.1;    3;   3.4;   6;    0.000;   0;   7.9;  10.5;  992.20;    8.3;   95.92;    9.1;    7.2;    7.6;eor
       1443;20191029;   10;   5.5;   2.0;    3;   2.7;   6;    0.000;   0;   7.9;   9.7;  992.25;    7.5;   93.25;    9.2;    6.7;    7.1;eor
       1443;20191030;   10;   4.2;   1.4;    3;   6.2;   6;    0.000;   0;   7.8;   9.8;  994.29;    7.7;   93.38;    9.2;    6.7;    6.8;eor
       1443;20191031;   10;   3.4;   1.4;    3;   0.0;   6;    0.000;   0;   8.0;   9.9;  991.68;    7.8;   93.71;    9.0;    6.5;    6.4;eor
       1443;20191101;   10;  10.6;   2.2;    3;   8.4;   6;    0.033;   0;   7.7;  11.8;  983.40;   11.1;   89.17;   13.5;    7.8;    7.7;eor
       1443;20191102;   10;  13.4;   4.5;    3;   8.9;   6;    1.350;   0;   7.7;  13.4;  970.97;   14.9;   78.92;   18.3;   11.7;   10.6;eor
       1443;20191103;   10;  17.8;   5.0;    3;   4.5;   6;    0.017;   0;   7.8;  11.0;  963.06;   12.6;   75.38;   15.8;   10.3;    8.9;eor
       1443;20191104;   10;  16.9;   6.0;    3;   2.9;   6;    0.150;   0;   7.3;  10.4;  967.76;   12.0;   73.92;   13.9;   10.5;    8.5;eor
       1443;20191105;   10;   9.8;   3.1;    3;   2.2;   6;    4.117;   0;   6.0;   9.0;  971.42;    9.8;   74.75;   13.8;    5.5;    3.0;eor
       1443;20191106;   10;  10.3;   4.0;    3;   0.3;   6;    0.350;   0;   7.9;   9.3;  976.96;    9.4;   78.42;   11.3;    8.1;    7.1;eor
       1443;20191107;   10;  14.5;   3.9;    3;   0.3;   6;    0.367;   0;   7.2;   8.0;  975.78;    9.0;   69.21;   11.5;    3.5;    1.4;eor
       1443;20191108;   10;   4.7;   1.3;    3;   2.3;   6;    0.000;   0;   7.7;   8.0;  978.03;    5.9;   86.29;    7.5;    3.8;    2.3;eor
       1443;20191109;   10;   6.1;   1.4;    3;   0.0;   6;    2.067;   0;   5.1;   7.1;  982.53;    4.6;   84.88;   10.1;   -1.1;   -3.8;eor
       1443;20191110;   10;   3.4;   1.1;    3;   0.0;   0;    3.633;   0;   5.2;   6.2;  983.98;    1.9;   89.71;    7.6;   -3.1;   -5.4;eor
       1443;20191111;   10;  10.8;   2.3;    3;   0.8;   6;    0.267;   0;   7.9;   6.8;  983.11;    3.9;   84.46;    7.5;    0.6;    1.2;eor
       1443;20191112;   10;  12.8;   4.4;    3;   0.0;   6;    1.100;   0;   6.8;   6.9;  979.40;    6.6;   70.58;    8.9;    3.9;    0.6;eor
       1443;20191113;   10;   9.7;   3.5;    3;   0.0;   6;    2.450;   0;   6.4;   6.7;  977.34;    4.9;   77.21;    6.7;    1.4;   -1.5;eor
       1443;20191114;   10;   6.0;   1.6;    3;   0.0;   0;    2.867;   0;   7.5;   6.4;  972.77;    3.9;   79.67;    8.3;   -0.9;   -3.2;eor
       1443;20191115;   10;  10.8;   2.1;    3;   0.0;   6;    1.617;   0;   8.0;   6.8;  971.95;    4.0;   84.46;    8.0;    0.1;   -2.6;eor
       1443;20191116;   10;   3.6;   1.0;    3;   0.0;   0;    4.817;   0;   5.5;   6.5;  980.92;    2.7;   88.00;    9.4;   -1.2;   -4.0;eor
       1443;20191117;   10;   7.4;   1.6;    3;   6.4;   8;    0.000;   0;   8.0;   6.6;  978.88;    1.8;   95.04;    3.9;   -1.0;   -2.2;eor
       1443;20191118;   10;  13.8;   5.8;    3;   1.5;   8;    0.000;   0;   7.5;   6.7;  982.79;    4.5;   79.46;    6.3;    1.7;    1.3;eor
       1443;20191119;   10;   6.2;   1.3;    3;   0.2;   6;    0.050;   0;   7.7;   7.0;  989.18;    3.9;   86.58;    6.6;    0.2;   -2.4;eor
       1443;20191120;   10;   4.1;   1.3;    3;   0.0;   0;    0.000;   0;   7.9;   6.2;  986.95;    0.4;   98.50;    1.6;   -1.1;   -1.2;eor
       1443;20191121;   10;   3.4;   1.0;    3;   0.0;   0;    1.283;   0;   7.9;   6.8;  981.78;    2.5;   92.71;    7.7;    0.1;   -1.6;eor
       1443;20191122;   10;   3.9;   1.2;    3;   0.0;   6;    5.200;   0;   7.9;   7.7;  977.74;    4.8;   90.50;   10.8;    2.0;   -0.3;eor
       1443;20191123;   10;   3.8;   1.3;    3;   0.0;   0;    0.000;   0;   8.0;   7.0;  970.00;    2.7;   94.75;    4.1;    0.8;   -0.8;eor
       1443;20191124;   10;   3.3;   0.7;    3;   0.0;   0;    2.683;   0;   8.0;   7.2;  979.02;    3.5;   91.33;    9.3;   -0.5;   -2.6;eor
       1443;20191125;   10;   3.3;   0.8;    3;   0.0;   6;    1.317;   0;   7.8;   8.8;  982.41;    6.5;   91.17;   10.7;    2.9;    0.4;eor
       1443;20191126;   10;   6.7;   2.0;    3;   0.6;   6;    2.683;   0;   8.0;   9.2;  979.47;    9.0;   81.33;   14.3;    3.4;    1.3;eor
       1443;20191127;   10;  16.1;   5.3;    3;   0.5;   6;    2.167;   0;   7.5;   9.0;  971.39;   11.4;   67.63;   14.8;    5.2;    2.7;eor
       1443;20191128;   10;  15.0;   7.3;    3;  11.6;   6;    0.400;   0;   7.9;   9.4;  974.46;   10.7;   72.96;   12.1;    9.2;    7.8;eor
       1443;20191129;   10;  12.4;   4.2;    3;   7.4;   6;    0.000;   0;   7.7;   9.2;  983.94;    7.5;   88.33;   10.1;    3.8;    1.8;eor
       1443;20191130;   10;   4.0;   1.2;    3;   0.5;   6;    7.083;   0;   3.0;   5.9;  993.05;    2.8;   80.42;    8.9;   -1.9;   -4.7;eor
       1443;20191201;   10;   6.0;   1.5;    3;   2.5;   6;    0.000;   0;   7.7;   6.6;  988.29;    2.0;   92.54;    3.3;   -0.3;   -1.3;eor
       1443;20191202;   10;   7.3;   2.0;    3;   0.0;   0;    1.883;   0;   5.4;   5.6;  996.38;    1.3;   83.67;    4.5;   -3.3;   -6.0;eor
       1443;20191203;   10;   4.5;   1.2;    3;   0.0;   0;    7.017;   0;   2.0;   5.0;  998.63;   -0.7;   85.42;    5.7;   -4.6;   -7.5;eor
       1443;20191204;   10;   3.2;   0.8;    3;   0.0;   0;    6.933;   0;   1.5;   4.5;  993.10;   -2.5;   88.92;    3.2;   -5.8;   -8.4;eor
       1443;20191205;   10;   3.2;   0.7;    3;   0.0;   0;    6.817;   0;   0.8;   4.6;  994.16;   -2.1;   87.96;    4.3;   -6.3;   -8.7;eor
       1443;20191206;   10;  15.6;   4.1;    3;   1.1;   6;    6.500;   0;   4.9;   5.8;  991.10;    4.5;   70.54;   11.5;   -5.3;   -8.1;eor
       1443;20191207;   10;  13.6;   6.2;    3;   0.0;   6;    0.133;   0;   7.8;   8.7;  990.76;    9.2;   75.25;   10.6;    7.5;    6.3;eor
       1443;20191208;   10;  16.9;   7.1;    3;   1.1;   6;    0.667;   0;   7.8;   9.0;  985.51;   11.0;   68.88;   13.3;    8.9;    6.9;eor
       1443;20191209;   10;  17.1;   6.6;    3;   3.4;   6;    0.133;   0;   7.6;   7.9;  981.42;    7.7;   74.71;    9.7;    5.3;    4.1;eor
       1443;20191210;   10;   7.5;   1.7;    3;   0.0;   0;    4.767;   0;   4.1;   5.9;  997.42;    2.9;   78.46;    7.0;   -3.2;   -6.0;eor
       1443;20191211;   10;  13.3;   2.7;    3;   7.4;   6;    0.000;   0;   7.8;   6.0;  985.03;    1.6;   86.33;    5.6;   -4.1;   -6.6;eor
       1443;20191212;   10;  12.4;   4.2;    3;   0.9;   6;    1.283;   0;   6.3;   6.0;  975.47;    3.1;   78.54;    5.9;   -2.4;   -5.3;eor
       1443;20191213;   10;  14.2;   6.5;    3;   8.7;   6;    0.000;   0;   7.5;   7.1;  960.02;    6.1;   75.08;    8.8;    0.6;    0.1;eor
       1443;20191214;   10;  16.8;   6.8;    3;   3.3;   6;    1.317;   0;   7.4;   7.7;  972.95;    9.4;   65.04;   12.1;    5.6;    3.9;eor
       1443;20191215;   10;  16.9;   5.2;    3;   0.8;   6;    0.000;   0;   7.9;  10.4;  979.81;   11.8;   76.25;   14.4;    7.2;    5.6;eor
       1443;20191216;   10;   5.4;   1.2;    3;   0.0;   0;    3.167;   0;   8.0;   9.4;  980.42;    8.5;   85.67;   13.1;    3.5;    0.5;eor
       1443;20191217;   10;   7.2;   1.2;    3;   1.8;   6;    3.300;   0;   6.9;   8.5;  979.60;    7.2;   84.54;   15.5;    2.7;   -0.2;eor
       1443;20191218;   10;  10.6;   2.4;    3;   0.8;   6;    2.300;   0;   7.0;  10.7;  988.81;   11.1;   81.71;   15.5;    3.2;    0.0;eor
       1443;20191219;   10;   3.9;   1.1;    3;   0.0;   0;    3.767;   0;   6.4;   8.2;  984.26;    5.1;   93.29;   11.1;    1.1;   -1.9;eor
       1443;20191220;   10;  13.0;   3.0;    3;  16.0;   6;    0.000;   0;   7.1;   8.1;  968.26;    5.5;   89.00;   11.9;   -0.2;   -1.8;eor
       1443;20191221;   10;  12.6;   2.4;    3;   2.0;   6;    2.700;   0;   6.0;   7.5;  966.38;    5.3;   84.71;    9.4;    1.0;   -1.6;eor
       1443;20191222;   10;  15.8;   6.1;    3;   2.7;   6;    0.000;   0;   7.7;   8.4;  964.70;    9.1;   73.00;   11.4;    6.6;    5.3;eor
       1443;20191223;   10;  13.3;   5.7;    3;   2.7;   6;    0.017;   0;   7.5;   8.3;  984.50;    7.1;   82.58;    8.1;    6.2;    4.2;eor
       1443;20191224;   10;  14.4;   4.8;    3;   0.6;   6;    0.300;   0;   6.6;   8.5;  989.36;    8.8;   74.42;   11.6;    6.6;    4.7;eor
       1443;20191225;   10;  13.7;   4.3;    3;   1.5;   6;    0.233;   0;   6.5;   8.3;  994.01;    7.2;   81.46;    9.4;    0.0;   -3.4;eor
       1443;20191226;   10;  11.4;   1.9;    3;   4.6;   6;    1.200;   0;   5.4;   6.6;  996.65;    2.4;   90.50;    7.9;   -3.0;   -5.0;eor
       1443;20191227;   10;  13.5;   3.0;    3;   2.9;   6;    0.883;   0;   7.8;   9.5;  997.80;    7.8;   89.33;    9.7;    5.3;    5.4;eor
       1443;20191228;   10;   5.5;   1.7;    3;   0.0;   8;    0.033;   0;   7.9;   7.1; 1008.51;    2.8;   94.13;    5.3;   -2.3;   -4.0;eor
       1443;20191229;   10;   3.1;   1.4;    3;   0.0;   8;    0.000;   0;   8.0;   5.3; 1008.81;   -1.5;   96.54;   -0.8;   -2.1;   -1.6;eor
       1443;20191230;   10;   3.1;   1.1;    3;   0.0;   0;    3.850;   0;   5.0;   5.2; 1005.59;   -1.0;   92.29;    2.8;   -2.7;   -4.6;eor
       1443;20191231;   10;   3.1;   0.9;    3;   0.0;   0;    5.683;   0;   4.8;   5.3; 1004.59;   -0.3;   88.42;    5.4;   -4.4;   -6.9;eor
       1443;20200101;   10;   3.0;   1.1;    3;   0.0;   8;    0.000;   0;   8.0;   5.3; 1004.11;   -1.7;   98.29;   -0.9;   -2.9;   -2.3;eor
       1443;20200102;   10;   7.4;   1.3;    3;   0.0;   8;    0.733;   0;   6.8;   5.4; 1001.30;   -0.8;   93.67;    6.8;   -3.4;   -3.7;eor
       1443;20200103;   10;  18.8;   6.1;    3;   2.6;   6;    1.800;   0;   7.8;   8.1;  998.38;    8.7;   71.96;    9.8;    6.8;    4.0;eor
       1443;20200104;   10;  10.0;   2.8;    3;   0.5;   6;    3.333;   0;   7.7;   7.6; 1004.31;    6.4;   78.21;    9.0;    3.3;    1.1;eor
       1443;20200105;   10;   4.6;   1.1;    3;   0.0;   0;    6.867;   0;   2.3;   6.1; 1006.76;    2.2;   86.00;    7.5;   -2.4;   -4.7;eor
       1443;20200106;   10;  12.7;   1.6;    3;   0.1;   6;    6.883;   0;   0.4;   5.6; 1000.30;    1.4;   83.79;    9.6;   -3.9;   -6.1;eor
       1443;20200107;   10;  11.7;   2.8;    3;   0.0;   0;    2.250;   0;   5.7;   6.9; 1001.45;    5.9;   75.29;    9.1;   -1.4;   -4.3;eor
       1443;20200108;   10;   8.2;   1.3;    3;   0.0;   0;    0.450;   0;   6.1;   7.5; 1000.74;    5.0;   84.04;   11.5;   -2.9;   -5.4;eor
       1443;20200109;   10;  12.3;   3.8;    3;   1.7;   6;    5.550;   0;   7.8;   9.4;  992.77;   11.8;   68.21;   15.3;    8.5;    5.1;eor
       1443;20200110;   10;  12.8;   4.3;    3;   1.8;   6;    0.533;   0;   7.7;   8.3;  995.02;    9.3;   71.83;   11.3;    6.0;    5.0;eor
       1443;20200111;   10;   4.8;   1.1;    3;   0.1;   6;    2.183;   0;   6.7;   7.4; 1003.97;    4.9;   85.38;    8.1;   -1.4;   -3.8;eor
       1443;20200112;   10;  10.4;   2.1;    3;   0.0;   6;    1.800;   0;   7.3;   6.0; 1000.48;    2.5;   83.13;    5.5;   -2.3;   -5.0;eor
       1443;20200113;   10;   6.3;   1.1;    3;   0.0;   6;    2.550;   0;   5.8;   7.3;  993.76;    4.6;   85.88;   10.0;   -0.6;   -3.4;eor
       1443;20200114;   10;  10.2;   2.6;    3;   0.2;   6;    1.833;   0;   7.6;   6.3;  988.95;    7.1;   63.50;   12.7;   -1.0;   -3.5;eor
       1443;20200115;   10;  10.6;   3.8;    3;   0.0;   0;    7.217;   0;   4.9;   6.8;  992.51;   10.0;   56.00;   14.0;    3.8;   -1.2;eor
       1443;20200116;   10;   6.8;   1.6;    3;   0.0;   0;    5.383;   0;   3.7;   7.9;  998.13;    9.4;   68.58;   14.4;    0.9;   -2.9;eor
       1443;20200117;   10;  11.3;   3.1;    3;   5.5;   6;    0.100;   0;   5.0;   7.7;  993.49;    6.8;   78.54;   11.7;   -0.4;   -3.3;eor
       1443;20200118;   10;  10.1;   3.3;    3;   0.0;   0;    2.950;   0;   6.3;   6.8;  999.40;    5.2;   77.00;    7.3;   -0.1;   -3.3;eor
       1443;20200119;   10;   5.9;   1.4;    3;   0.0;   8;    0.433;   0;   6.6;   6.0; 1007.10;    1.6;   86.88;    4.5;   -1.5;   -4.7;eor
       1443;20200120;   10;   8.7;   2.3;    3;   0.0;   0;    7.433;   0;   1.1;   5.0; 1013.35;    3.1;   67.04;    7.0;   -0.8;   -4.2;eor
       1443;20200121;   10;   4.0;   1.2;    3;   0.0;   0;    7.467;   0;   0.0;   4.6; 1010.73;   -1.0;   81.92;    3.7;   -5.4;   -8.3;eor
       1443;20200122;   10;   3.6;   1.2;    3;   0.0;   8;    0.000;   0;   6.5;   4.8; 1006.22;   -2.8;   96.29;   -1.6;   -5.7;   -8.1;eor
       1443;20200123;   10;   4.8;   1.6;    3;   0.0;   0;    0.000;   0;   8.0;   4.6; 1001.63;   -2.3;   88.67;   -1.7;   -2.9;   -2.5;eor
       1443;20200124;   10;   3.2;   1.0;    3;   0.0;   0;    6.833;   0;   3.8;   5.0;  996.04;   -0.1;   82.63;    6.5;   -4.0;   -5.9;eor
       1443;20200125;   10;   2.6;   0.9;    3;   0.0;   0;    5.383;   0;   7.6;   6.2;  993.42;    2.1;   87.54;    9.1;   -1.5;   -3.7;eor
       1443;20200126;   10;   9.6;   1.5;    3;   0.0;   6;    2.550;   0;   7.8;   7.1;  991.00;    4.1;   85.63;   10.1;   -2.1;   -4.2;eor
       1443;20200127;   10;  13.0;   4.4;    3;   3.5;   6;    0.917;   0;   7.7;   7.8;  985.38;    9.1;   68.25;   12.2;    7.0;    5.5;eor
       1443;20200128;   10;  22.4;   7.3;    3;   4.5;   6;    2.233;   0;   7.5;   7.2;  977.25;    6.7;   73.67;    9.4;    2.2;    1.8;eor
       1443;20200129;   10;  15.1;   4.8;    3;   3.3;   8;    1.100;   0;   7.8;   6.9;  985.81;    5.6;   76.08;    7.5;    3.0;    1.7;eor
       1443;20200130;   10;  15.2;   4.8;    3;   2.5;   6;    4.217;   0;   7.9;   7.9;  987.52;    9.1;   67.96;   12.3;    3.8;    1.3;eor
       1443;20200131;   10;  14.7;   7.5;    3;   0.0;   0;    1.733;   0;   7.5;  11.7;  987.75;   13.3;   76.50;   15.1;   12.2;   10.9;eor
       1443;20200201;   10;  16.8;   6.7;    3;   3.0;   6;    0.267;   0;   7.7;  11.1;  985.53;   13.1;   73.50;   14.7;   11.5;    9.7;eor
       1443;20200202;   10;  16.2;   7.4;    3;   4.9;   6;    0.000;   0;   7.7;  12.1;  988.17;   13.0;   80.08;   14.9;   10.6;    8.8;eor
       1443;20200203;   10;  19.7;   5.8;    3;  20.1;   6;    0.000;   0;   7.7;  11.4;  989.31;   12.5;   79.88;   15.9;    9.0;    8.7;eor
       1443;20200204;   10;  19.5;   3.7;    3;   9.1;   8;    0.550;   0;   7.4;   7.1;  989.70;    5.6;   78.54;   15.3;    1.4;    0.8;eor
       1443;20200205;   10;   5.4;   1.3;    3;   0.0;   0;    4.050;   0;   4.0;   6.1; 1004.82;    3.2;   80.63;    7.8;   -2.7;   -5.8;eor
       1443;20200206;   10;   4.1;   1.3;    3;   0.0;   0;    7.800;   0;   3.7;   5.1; 1003.17;    0.6;   80.75;    7.0;   -3.9;   -6.5;eor
       1443;20200207;   10;   3.4;   1.1;    3;   0.0;   0;    8.367;   0;   0.0;   5.0;  998.27;    0.0;   83.33;    7.3;   -4.7;   -7.7;eor
       1443;20200208;   10;   7.0;   1.1;    3;   0.0;   0;    6.717;   0;   6.0;   5.7;  995.83;    3.3;   75.71;   12.9;   -3.7;   -6.4;eor
       1443;20200209;   10;  18.8;   5.3;    3;   0.1;   6;    5.483;   0;   6.7;   6.8;  990.49;   10.8;   54.67;   15.9;    1.5;   -1.8;eor
       1443;20200210;   10;  23.0;   9.4;    3;  10.2;   8;    4.483;   0;   6.4;   8.6;  981.02;   11.9;   61.46;   15.8;    7.5;    5.9;eor
       1443;20200211;   10;  17.1;   5.6;    3;   2.2;   6;    0.483;   0;   6.8;   7.0;  986.65;    5.7;   76.13;    9.8;    2.9;    1.1;eor
       1443;20200212;   10;  15.5;   5.5;    3;   0.0;   6;    0.800;   0;   7.8;   6.2;  993.11;    5.6;   68.46;    8.2;    3.8;    0.7;eor
       1443;20200213;   10;  21.0;   4.6;    3;   9.3;   8;    0.467;   0;   7.9;   6.7;  983.95;    6.9;   67.96;   13.8;    1.5;   -1.6;eor
       1443;20200214;   10;   9.5;   4.1;    3;   0.5;   6;    2.433;   0;   7.0;   7.7;  994.34;    7.5;   75.04;   11.0;    2.3;   -0.8;eor
       1443;20200215;   10;   8.0;   1.8;    3;   0.0;   0;    7.600;   0;   7.3;   6.8;  995.11;    6.5;   73.33;   14.5;   -0.8;   -3.8;eor
       1443;20200216;   10;  10.4;   3.6;    3;   0.0;   0;    2.000;   0;   8.0;   6.8;  989.00;   14.5;   41.00;   18.1;   10.7;    6.4;eor
       1443;20200217;   10;  14.5;   5.6;    3;   9.6;   6;    0.000;   0;   7.8;   9.2;  991.99;   11.3;   69.83;   17.1;    6.9;    5.3;eor
       1443;20200218;   10;  11.8;   5.2;    3;   0.0;   6;    3.317;   0;   5.7;   6.6;  999.97;    7.3;   65.25;    9.3;    5.4;    3.9;eor
       1443;20200219;   10;  16.3;   5.1;    3;   1.6;   6;    1.983;   0;   7.4;   6.4;  996.23;    6.8;   64.75;    8.1;    4.4;    0.6;eor
       1443;20200220;   10;  15.8;   5.1;    3;   0.2;   6;    6.183;   0;   6.8;   7.2;  994.06;    9.1;   62.67;   12.8;    5.5;    4.1;eor
       1443;20200221;   10;  11.3;   2.9;    3;   0.0;   0;    7.550;   0;   6.1;   5.7; 1001.43;    5.6;   63.50;    9.8;    0.7;   -3.0;eor
       1443;20200222;   10;  14.2;   4.3;    3;   1.7;   6;    7.800;   0;   5.9;   4.4; 1000.92;    8.0;   48.58;   15.4;   -2.0;   -5.4;eor
       1443;20200223;   10;  17.0;   6.9;    3;   0.0;   0;    0.233;   0;   8.0;   7.6;  997.83;   13.0;   50.54;   15.8;    9.2;    6.4;eor
       1443;20200224;   10;  15.1;   6.2;    3;   0.0;   0;    5.650;   0;   5.3;  10.4;  992.19;   13.2;   68.50;   15.4;   11.4;   10.7;eor
       1443;20200225;   10;  14.8;   7.4;    3;   3.4;   8;    0.150;   0;   6.9;   8.4;  979.27;    9.2;   72.67;   13.7;    7.0;    6.1;eor
       1443;20200226;   10;  17.4;   5.1;    3;   2.8;   8;    0.317;   0;   7.7;   6.1;  978.04;    3.4;   77.83;    7.1;    0.9;    0.1;eor
       1443;20200227;   10;  17.9;   6.2;    3;   2.1;   8;    0.450;   0;   7.8;   6.2;  977.50;    4.7;   72.63;    9.0;    2.0;    1.1;eor
       1443;20200228;   10;  10.3;   3.7;    3;   0.3;   6;    7.633;   0;   6.2;   5.0;  989.83;    6.5;   54.50;   10.8;    2.5;    0.5;eor
       1443;20200229;   10;  22.6;   4.4;    3;   1.7;   6;    1.550;   0;   7.8;   8.3;  975.26;   11.1;   63.88;   17.3;    6.1;    3.4;eor
       1443;20200301;   10;  24.8;   7.0;    3;   1.5;   6;    5.650;   0;   7.3;   7.3;  973.30;   10.1;   59.96;   14.6;    6.3;    5.0;eor
       1443;20200302;   10;  10.4;   3.0;    3;   8.5;   6;    0.000;   0;   7.5;   7.6;  965.73;    5.9;   81.25;    7.5;    2.4;   -1.2;eor
       1443;20200303;   10;   9.8;   3.3;    3;   0.0;   6;    2.517;   0;   7.1;   6.4;  977.94;    5.1;   73.04;    7.9;    0.3;   -2.6;eor
       1443;20200304;   10;  10.3;   2.8;    3;   0.2;   6;    7.050;   0;   6.7;   5.9;  985.10;    5.2;   68.63;   10.3;   -1.3;   -4.2;eor
       1443;20200305;   10;  19.7;   4.3;    3;  14.3;   6;    0.000;   0;   7.6;   8.7;  970.26;    8.7;   77.25;   12.8;    5.5;    4.2;eor
       1443;20200306;   10;  19.2;   8.1;    3;   5.1;   6;    0.000;   0;   7.7;   7.3;  973.83;    6.1;   77.33;    8.1;    5.0;    4.2;eor
       1443;20200307;   10;   4.7;   1.8;    3;   0.0;   6;    0.750;   0;   6.8;   6.4;  991.52;    5.2;   73.25;    7.9;    0.7;   -2.9;eor
       1443;20200308;   10;  11.5;   3.9;    3;   5.9;   6;    5.483;   0;   7.8;   6.5;  990.82;    7.1;   64.67;   12.0;   -0.8;   -3.0;eor
       1443;20200309;   10;  12.2;   4.2;    3;   1.9;   6;    4.783;   0;   6.5;   7.8;  988.86;    7.5;   74.88;   10.7;    5.6;    2.8;eor
       1443;20200310;   10;  16.7;   7.4;    3;   8.8;   6;    0.000;   0;   7.8;   8.6;  989.56;    8.3;   77.71;   12.0;    5.6;    3.7;eor
       1443;20200311;   10;  14.1;   6.4;    3;   0.0;   6;    1.617;   0;   6.2;  11.6;  991.65;   13.4;   74.96;   16.1;   11.3;   10.4;eor
       1443;20200312;   10;  14.9;   6.0;    3;   4.3;   6;    3.717;   0;   7.3;  10.7;  988.96;   13.2;   71.29;   16.6;    8.4;    7.6;eor
       1443;20200313;   10;  10.6;   2.7;    3;   0.0;   0;    9.350;   0;   3.7;   6.3;  993.39;    8.4;   57.75;   12.6;    1.3;   -1.4;eor
       1443;20200314;   10;   5.7;   1.4;    3;   0.0;   0;    3.600;   0;   6.6;   5.9;  993.28;    5.7;   66.83;   12.2;    0.7;   -2.4;eor
       1443;20200315;   10;   6.5;   1.2;    3;   0.0;   0;   10.500;   0;   4.3;   6.2;  989.59;    7.1;   65.29;   15.9;   -1.0;   -4.1;eor
       1443;20200316;   10;   6.9;   1.6;    3;   0.0;   6;    9.917;   0;   5.0;   7.7;  992.41;   10.9;   62.67;   18.8;    2.0;   -1.7;eor
       1443;20200317;   10;   4.8;   1.0;    3;   0.0;   6;    3.167;   0;   5.4;   9.1; 1001.15;   11.5;   68.63;   17.7;    6.3;    2.2;eor
       1443;20200318;   10;   5.8;   1.3;    3;   0.0;   0;   10.633;   0;   0.4;   9.4;  999.38;   11.2;   73.33;   19.1;    3.9;    0.4;eor
       1443;20200319;   10;   4.7;   1.0;    3;   0.0;   0;   10.667;   0;   0.0;  10.0;  995.21;   11.6;   75.38;   20.2;    4.2;    0.6;eor
       1443;20200320;   10;   6.9;   1.6;    3;   0.0;   0;    9.617;   0;   2.1;   9.8;  991.86;   11.8;   73.79;   18.9;    5.0;    1.4;eor
       1443;20200321;   10;  10.9;   2.7;    3;   0.0;   6;    0.000;   0;   7.6;   8.0;  990.66;    6.9;   80.21;    9.1;    5.5;    3.7;eor
       1443;20200322;   10;  12.9;   4.0;    3;   0.0;   6;    8.933;   0;   3.2;   4.9;  994.50;    7.1;   49.46;   12.5;    2.3;   -0.3;eor
       1443;20200323;   10;  11.1;   3.9;    3;   0.0;   0;   11.133;   0;   0.0;   2.5;  999.61;    5.0;   30.75;   11.7;    0.2;   -1.5;eor
       1443;20200324;   10;  12.3;   3.2;    3;   0.0;   0;   11.083;   0;   0.0;   2.6;  998.07;    5.5;   29.83;   12.1;   -2.8;   -9.1;eor
       1443;20200325;   10;  12.7;   3.4;    3;   0.0;   0;   11.050;   0;   0.0;   3.3;  992.05;    4.8;   39.54;   10.9;   -3.3;   -7.5;eor
       1443;20200326;   10;  11.2;   2.8;    3;   0.0;   0;    7.433;   0;   3.5;   4.2;  987.30;    4.6;   50.33;   10.2;   -1.5;   -6.7;eor
       1443;20200327;   10;   7.4;   1.7;    3;   0.0;   0;   10.850;   0;   4.0;   5.7;  987.06;    5.8;   63.71;   12.5;   -0.9;   -5.1;eor
       1443;20200328;   10;   8.4;   1.8;    3;   0.0;   0;   10.833;   0;   1.0;   7.0;  988.57;    9.1;   63.92;   17.4;    0.8;   -3.4;eor
       1443;20200329;   10;  11.0;   3.4;    3;   4.2;   6;    1.833;   0;   6.3;   6.5;  992.24;    4.4;   78.38;    7.7;    2.0;   -0.5;eor
       1443;20200330;   10;  11.2;   3.5;    3;   0.0;   0;    7.183;   0;   3.4;   4.5;  995.66;    3.5;   58.71;    7.4;   -2.2;   -7.2;eor
       1443;20200331;   10;  13.8;   2.6;    3;   0.0;   0;   11.367;   0;   0.0;   3.6;  995.67;    4.2;   46.54;   10.9;   -4.0;   -8.2;eor
       1443;20200401;   10;   6.8;   1.9;    3;   0.0;   0;   11.467;   0;   0.0;   4.3;  990.66;    4.9;   51.50;   11.7;   -2.6;   -7.1;eor
       1443;20200402;   10;   6.6;   1.2;    3;   0.0;   0;   11.250;   0;   0.0;   4.7;  985.22;    5.8;   56.04;   14.9;   -2.5;   -7.5;eor
       1443;20200403;   10;   8.4;   1.7;    3;   0.0;   0;    9.383;   0;   1.5;   5.5;  989.40;    6.6;   58.46;   13.9;   -1.2;   -6.0;eor
       1443;20200404;   10;   8.6;   2.1;    3;   0.0;   0;   11.367;   0;   0.1;   6.4;  993.64;    8.4;   60.75;   16.5;   -0.7;   -5.6;eor
       1443;20200405;   10;   5.9;   1.5;    3;   0.0;   0;   11.483;   0;   0.0;   6.5;  992.55;   11.3;   52.13;   20.0;    0.5;   -4.0;eor
       1443;20200406;   10;   8.5;   2.0;    3;   0.0;   0;   11.517;   0;   0.0;   6.8;  994.74;   13.5;   48.08;   22.7;    3.2;   -1.8;eor
       1443;20200407;   10;   7.7;   1.9;    3;   0.0;   0;   11.517;   0;   0.0;   6.9;  998.53;   14.7;   46.42;   24.5;    4.0;   -0.7;eor
       1443;20200408;   10;   6.4;   1.2;    3;   0.0;   0;   11.517;   0;   0.0;   7.3;  996.26;   14.8;   47.04;   23.3;    5.0;   -0.4;eor
       1443;20200409;   10;   7.8;   1.7;    3;   0.0;   0;   11.033;   0;   0.8;   7.6;  994.59;   15.1;   49.00;   24.0;    5.3;    0.3;eor
       1443;20200410;   10;   9.1;   2.1;    3;   0.0;   0;   11.633;   0;   0.2;   8.2;  994.30;   15.2;   49.46;   23.3;    5.7;    0.7;eor
       1443;20200411;   10;   6.6;   1.6;    3;   0.0;   0;   11.667;   0;   1.2;   8.7;  993.63;   15.4;   53.13;   23.8;    5.9;    1.6;eor
       1443;20200412;   10;   9.6;   1.9;    3;   0.0;   6;    8.717;   0;   5.2;   8.7;  988.55;   16.6;   49.42;   24.7;    9.7;    4.5;eor
       1443;20200413;   10;  12.7;   2.7;    3;   0.0;   6;    6.517;   0;   5.6;   7.9;  987.26;   13.2;   55.54;   21.9;    6.4;    1.0;eor
       1443;20200414;   10;  12.1;   3.4;    3;   0.0;   0;   11.933;   0;   0.0;   4.6;  994.26;    7.3;   46.21;   12.2;    0.0;   -5.1;eor
       1443;20200415;   10;   5.7;   1.8;    3;   0.0;   0;   11.967;   0;   5.7;   5.5;  993.65;   10.1;   45.79;   19.4;   -0.8;   -4.9;eor
       1443;20200416;   10;   7.3;   1.5;    3;   0.0;   0;   11.883;   0;   3.2;   7.6;  989.72;   14.6;   51.00;   24.9;    2.2;   -1.9;eor
       1443;20200417;   10;   7.4;   1.9;    3;   0.0;   0;   10.517;   0;   5.9;   8.9;  987.21;   17.5;   48.75;   25.6;    7.6;    4.3;eor
       1443;20200418;   10;  11.0;   2.6;    3;   0.0;   0;    8.283;   0;   5.9;  10.4;  987.57;   16.6;   57.96;   24.4;    8.8;    5.1;eor
       1443;20200419;   10;  11.4;   2.8;    3;   0.0;   6;    9.917;   0;   7.2;  11.6;  985.09;   16.9;   62.42;   23.8;    8.1;    4.5;eor
       1443;20200420;   10;  10.5;   3.5;    3;   0.0;   0;   12.217;   0;   4.6;   8.9;  982.10;   16.7;   48.50;   22.3;   10.1;    9.5;eor
       1443;20200421;   10;  11.4;   4.0;    3;   0.0;   0;    7.100;   0;   7.3;   7.0;  981.75;   17.0;   37.04;   22.6;   12.0;   11.5;eor
       1443;20200422;   10;   9.8;   3.2;    3;   0.0;   0;   12.317;   0;   0.0;   6.5;  985.59;   16.8;   35.67;   24.7;    7.2;    2.3;eor
       1443;20200423;   10;   6.1;   1.5;    3;   0.0;   0;   12.367;   0;   0.0;   7.5;  989.15;   14.6;   48.33;   23.0;    4.6;   -0.5;eor
       1443;20200424;   10;  10.1;   1.8;    3;   0.0;   6;   10.033;   0;   6.4;   8.5;  985.60;   16.0;   51.46;   24.3;    5.6;    1.0;eor
       1443;20200425;   10;   8.2;   2.0;    3;   0.0;   0;   10.200;   0;   2.8;   8.6;  982.21;   15.1;   52.42;   22.1;    7.6;    2.5;eor
       1443;20200426;   10;   9.4;   1.6;    3;   0.7;   6;    5.483;   0;   6.8;   8.7;  982.00;   13.2;   60.04;   20.7;    5.0;    1.0;eor
       1443;20200427;   10;   9.8;   2.4;    3;   0.2;   6;   11.817;   0;   4.3;  10.1;  981.26;   17.1;   57.46;   24.1;    9.5;    7.1;eor
       1443;20200428;   10;  12.6;   4.5;    3;   2.4;   6;    1.400;   0;   8.0;  11.8;  979.83;   15.4;   68.17;   19.1;   12.4;   11.3;eor
       1443;20200429;   10;  11.7;   5.1;    3;   0.2;   6;    4.167;-999;   6.9;  10.1;  982.17;   13.4;   67.08;   17.7;   10.2;    8.8;eor
       1443;20200430;   10;  17.8;   5.6;    3;   1.9;   6;    0.283;   0;   6.9;  10.2;  979.90;   12.9;   68.63;   15.3;   10.6;    7.7;eor
       1443;20200501;   10;  14.2;   5.4;    3;   3.7;   6;    0.783;-999;   7.6;   9.7;  979.19;   11.9;   69.58;   13.4;   10.1;    8.7;eor
       1443;20200502;   10;  10.2;   2.6;    3;   4.8;   6;    1.300;-999;   5.8;  10.1;  984.91;    9.3;   85.67;   12.1;    2.8;    0.2;eor
       1443;20200503;   10;   7.6;   1.9;    3;   0.0;   0;    8.633;-999;   5.7;   8.3;  990.12;   11.6;   65.33;   19.2;    1.8;   -0.9;eor
       1443;20200504;   10;   8.8;   2.2;    3;   0.0;   0;    6.400;-999;   6.9;  12.0;  988.27;   15.9;   68.54;   23.0;    8.0;    4.9;eor
       1443;20200505;   10;   5.9;   1.7;    3;   0.7;   6;    0.000;-999;   8.0;  11.2;  988.77;   11.5;   82.38;   14.1;    9.6;    7.7;eor
       1443;20200506;   10;  10.3;   2.4;    3;   0.0;   0;    9.900;-999;   4.3;   7.6;  993.08;   12.7;   54.46;   19.3;    5.9;    2.0;eor
       1443;20200507;   10;   5.9;   1.4;    3;   0.0;   0;   12.967;-999;   2.6;   7.9;  993.94;   13.7;   54.33;   22.9;    2.6;   -1.0;eor
       1443;20200508;   10;   6.7;   1.6;    3;   0.0;   6;   10.517;-999;   8.0;  10.8;  988.54;   18.2;   55.25;   27.4;    7.0;    4.1;eor
       1443;20200509;   10;  10.9;   3.0;    3;   0.3;   4;   11.217;-999;   6.3;  12.0;  983.53;   19.4;   56.75;   26.6;   11.2;    8.1;eor
       1443;20200510;   10;   8.5;   2.4;    3;   1.0;   6;    8.267;-999;   6.1;  13.8;  977.82;   20.6;   59.50;   26.1;   14.0;   13.6;eor
       1443;20200511;   10;  13.2;   3.1;    3;  11.9;   6;    0.000;-999;   7.7;  10.9;  976.67;    8.8;   91.67;   17.5;    4.1;    4.3;eor
       1443;20200512;   10;  10.4;   2.5;    3;   0.0;   0;   10.500;-999;   7.3;   7.1;  987.13;    8.6;   65.54;   15.1;    1.4;    0.0;eor
       1443;20200513;   10;   4.6;   1.7;    3;  16.3;   6;    0.217;-999;   8.0;   9.5;  982.13;    8.3;   86.38;   10.1;    5.7;    4.5;eor
       1443;20200514;   10;   6.7;   2.2;    3;   0.0;   6;    0.017;-999;   7.9;   9.9;  984.68;   10.6;   78.33;   13.4;    8.0;    7.8;eor
       1443;20200515;   10;   7.1;   2.2;    3;   0.0;   0;    2.000;-999;   6.6;   9.1;  988.29;   12.0;   65.67;   16.6;    5.4;    2.0;eor
       1443;20200516;   10;   9.4;   2.4;    3;   0.0;   0;   13.267;-999;   0.8;   9.0;  992.26;   12.5;   65.67;   19.9;    2.8;   -0.1;eor
       1443;20200517;   10;   9.7;   2.3;    3;   0.0;   0;   13.317;-999;   0.5;   9.1;  993.66;   13.7;   62.08;   21.2;    5.4;    1.8;eor
       1443;20200518;   10;   7.3;   1.7;    3;   0.0;   0;   13.550;-999;   0.5;   9.8;  994.80;   16.0;   57.75;   23.8;    6.4;    2.9;eor
       1443;20200519;   10;  11.1;   2.7;    3;   0.0;   0;   12.333;-999;   1.7;  11.1;  992.02;   18.7;   54.88;   25.3;    9.1;    5.5;eor
       1443;20200520;   10;  10.3;   2.2;    3;   0.0;   0;   10.200;-999;   2.3;  12.1;  991.53;   18.4;   59.08;   25.3;    9.9;    6.5;eor
       1443;20200521;   10;   8.0;   1.9;    3;   0.0;   0;   13.500;-999;   2.8;  12.7;  992.55;   19.0;   60.83;   26.7;    9.9;    6.8;eor
       1443;20200522;   10;  10.2;   2.6;    3;   5.1;   6;    5.017;-999;   7.9;  13.8;  993.34;   21.0;   58.50;   28.5;   10.7;    7.1;eor
       1443;20200523;   10;  10.9;   2.3;    3;  15.1;   6;    0.300;-999;   7.2;  14.1;  998.07;   14.3;   84.71;   21.7;    9.4;    7.4;eor
       1443;20200524;   10;   8.1;   2.4;    3;   0.0;   0;    7.217;-999;   7.0;  10.2; 1003.35;   13.9;   66.29;   19.3;    7.4;    5.3;eor
       1443;20200525;   10;  10.4;   2.3;    3;   0.0;   0;   11.617;-999;   3.1;  10.4; 1003.96;   14.1;   67.00;   20.8;    6.2;    3.7;eor
       1443;20200526;   10;  11.9;   3.1;    3;   0.0;   0;   13.900;-999;   2.9;  10.5; 1003.60;   15.5;   62.13;   21.8;    6.9;    2.9;eor
       1443;20200527;   10;  10.3;   2.9;    3;   0.0;   0;   13.933;-999;   1.2;   9.5; 1002.25;   16.7;   53.54;   23.9;    6.7;    3.3;eor
       1443;20200528;   10;  11.1;   2.8;    3;   0.0;   0;   10.117;-999;   2.1;  10.3;  998.83;   16.8;   56.17;   23.1;    7.9;    4.5;eor
       1443;20200529;   10;  10.1;   3.4;    3;   0.0;   0;   11.083;-999;   1.6;   7.8;  994.77;   17.7;   38.83;   22.9;    9.8;    6.4;eor
       1443;20200530;   10;   8.8;   2.5;    3;   0.0;   0;    8.583;-999;   3.8;   8.4;  991.26;   15.7;   50.04;   22.1;    7.1;    2.4;eor
       1443;20200531;   10;   9.9;   2.6;    3;   0.0;   0;   13.100;-999;   2.3;   8.3;  990.03;   16.1;   49.04;   23.3;    5.9;    1.9;eor
       1443;20200601;   10;  11.4;   2.6;    3;   0.0;   0;   12.733;-999;   2.0;   9.4;  989.68;   20.4;   40.08;   28.1;   12.8;    8.6;eor
       1443;20200602;   10;   8.1;   2.1;    3;   0.0;   0;   14.000;-999;   4.5;  11.3;  987.10;   20.1;   50.79;   27.6;    9.6;    5.3;eor
       1443;20200603;   10;  10.4;   2.0;    3;   5.8;   6;    7.100;-999;   7.1;  13.2;  977.92;   18.9;   63.21;   26.8;   12.1;    8.4;eor
       1443;20200604;   10;  10.8;   3.9;    3;   9.0;   8;    0.717;-999;   7.8;  14.2;  970.82;   16.5;   76.63;   20.2;   12.1;   12.0;eor
       1443;20200605;   10;  15.5;   4.9;    3;   6.3;   6;    0.017;-999;   7.9;  12.4;  974.39;   13.6;   79.79;   15.7;   11.5;   11.1;eor
       1443;20200606;   10;  15.3;   4.7;    3;  11.0;   6;    0.183;-999;   8.0;  13.9;  977.61;   14.4;   84.29;   18.0;   12.4;   11.5;eor
       1443;20200607;   10;   7.4;   2.2;    3;   0.0;   6;    2.050;-999;   7.4;  11.8;  981.85;   14.1;   74.21;   18.8;   10.2;    8.4;eor
       1443;20200608;   10;   6.4;   1.6;    3;   1.8;   6;    2.233;-999;   7.8;  12.1;  984.54;   14.0;   77.04;   18.2;    8.8;    7.7;eor
       1443;20200609;   10;   6.2;   1.7;    3;   3.6;   6;    0.000;-999;   7.9;  13.4;  986.07;   13.0;   89.54;   15.0;   10.9;    9.5;eor
       1443;20200610;   10;   6.7;   2.0;    3;   2.3;   6;    0.367;-999;   7.9;  14.2;  985.04;   14.7;   85.58;   17.9;   12.5;   12.3;eor
       1443;20200611;   10;   7.5;   2.4;    3;   0.0;   6;    7.433;-999;   6.9;  14.4;  981.09;   16.8;   76.54;   21.7;   12.8;   12.7;eor
       1443;20200612;   10;  11.6;   2.4;    3;   0.0;   0;   12.250;-999;   5.5;  15.4;  977.84;   19.9;   68.67;   28.8;   10.6;    8.5;eor
       1443;20200613;   10;  11.1;   2.3;    3;   2.9;   6;    1.933;-999;   6.6;  15.6;  984.09;   17.6;   78.58;   24.6;   12.4;   10.1;eor
       1443;20200614;   10;   6.9;   2.6;    3;   2.2;   6;    0.450;-999;   8.0;  15.2;  988.78;   16.2;   82.71;   18.7;   12.3;   10.0;eor
       1443;20200615;   10;   6.0;   1.3;    3;   0.0;   0;    5.533;-999;   7.6;  13.9;  990.33;   17.1;   73.46;   23.0;   10.6;    8.4;eor
       1443;20200616;   10;   9.3;   1.8;    3;   0.0;   6;    5.117;-999;   7.5;  15.0;  987.79;   18.0;   74.08;   23.2;   13.2;   10.4;eor
       1443;20200617;   10;  11.5;   2.6;    3;  16.0;   6;    0.017;-999;   7.2;  15.1;  984.71;   14.8;   89.38;   17.1;   12.0;    9.0;eor
       1443;20200618;   10;   8.6;   2.5;    3;   0.0;   6;   10.350;-999;   4.1;  12.7;  986.21;   17.1;   67.29;   23.0;    9.0;    6.3;eor
       1443;20200619;   10;   7.0;   2.1;    3;   0.0;   6;    4.283;-999;   7.5;  13.8;  990.45;   16.7;   73.58;   21.8;   11.5;    9.0;eor
       1443;20200620;   10;   8.0;   1.7;    3;   0.0;   0;    4.867;-999;   7.2;  13.9;  993.20;   17.7;   70.38;   22.9;   12.5;   10.6;eor
       1443;20200621;   10;   6.5;   1.6;    3;   0.1;   6;   13.283;-999;   3.4;  13.9;  993.51;   19.7;   63.33;   25.4;   11.7;    8.7;eor
       1443;20200622;   10;   8.0;   2.1;    3;   0.0;   0;   11.167;-999;   3.3;  14.2;  996.10;   20.3;   61.67;   24.9;   14.0;   10.3;eor
       1443;20200623;   10;  11.1;   3.0;    3;   0.0;   0;   14.000;-999;   0.5;  14.8;  994.25;   20.9;   61.21;   27.8;   12.1;    9.0;eor
       1443;20200624;   10;  11.1;   3.3;    3;   0.0;   0;   14.000;-999;   0.0;  13.1;  991.32;   24.0;   45.13;   29.8;   15.1;   11.2;eor
       1443;20200625;   10;   7.4;   2.1;    3;   0.2;   6;   13.967;-999;   0.0;  14.0;  988.60;   22.8;   52.17;   29.5;   13.4;   10.9;eor
       1443;20200626;   10;  16.5;   2.6;    3;   4.3;   6;    4.550;-999;   6.7;  18.0;  986.06;   21.6;   70.67;   28.8;   17.0;   14.3;eor
       1443;20200627;   10;  11.9;   3.9;    3;   5.9;   6;    9.000;-999;   4.8;  16.6;  986.27;   23.4;   59.88;   28.7;   15.3;   12.9;eor
       1443;20200628;   10;  14.5;   4.3;    3;   5.5;   6;    7.100;-999;   6.9;  17.2;  988.52;   21.2;   70.38;   26.6;   15.4;   14.9;eor
       1443;20200629;   10;  12.3;   2.6;    3;   3.3;   6;    3.233;-999;   6.5;  15.7;  987.65;   18.2;   75.58;   22.6;   14.7;   12.1;eor
       1443;20200630;   10;  11.0;   3.8;    3;   0.0;   0;    8.117;-999;   3.9;  13.4;  986.33;   20.2;   57.92;   25.7;   14.4;   11.8;eor
       1443;20200701;   10;  13.4;   3.4;    3;   3.0;   6;   12.767;-999;   2.4;  17.0;  983.15;   23.2;   62.42;   30.2;   13.9;   11.4;eor
       1443;20200702;   10;  11.4;   2.6;    3;   0.1;   6;    1.033;-999;   7.8;  17.8;  986.25;   20.5;   73.83;   23.8;   16.8;   16.2;eor
       1443;20200703;   10;   7.1;   1.8;    3;   0.0;   0;    7.433;-999;   5.0;  13.1;  991.32;   19.2;   60.33;   23.9;   12.3;    9.6;eor
       1443;20200704;   10;  10.9;   3.2;    3;   0.0;   6;   12.333;-999;   5.4;  12.5;  992.36;   20.4;   55.67;   26.3;   10.5;    7.9;eor
       1443;20200705;   10;  12.8;   6.0;    3;   1.9;   6;   11.483;-999;   3.5;  16.3;  990.14;   24.2;   53.92;   28.3;   20.9;   19.6;eor
       1443;20200706;   10;  12.2;   3.6;    3;   0.0;   6;    7.633;-999;   4.1;  13.2;  990.62;   18.8;   61.50;   23.1;    9.7;    6.5;eor
       1443;20200707;   10;   7.5;   1.8;    3;   0.0;   0;   14.017;-999;   0.4;  10.0;  992.20;   16.8;   56.96;   23.9;    7.8;    4.8;eor
       1443;20200708;   10;   9.6;   2.3;    3;   0.0;   0;   11.833;-999;   4.8;  11.9;  990.03;   20.3;   53.83;   28.6;    9.4;    6.6;eor
       1443;20200709;   10;  10.5;   2.5;    3;   0.0;   0;   11.883;-999;   3.3;  13.4;  987.99;   23.9;   49.50;   31.8;   13.5;   10.8;eor
       1443;20200710;   10;  13.9;   4.1;    3;   0.5;   6;    7.883;-999;   3.8;  14.1;  986.60;   23.6;   49.88;   30.0;   15.4;   13.7;eor
       1443;20200711;   10;  12.6;   2.9;    3;   0.0;   0;   11.817;-999;   2.9;  11.7;  993.82;   18.9;   56.46;   24.2;   11.5;    7.4;eor
       1443;20200712;   10;   9.6;   2.9;    3;   0.0;   0;   13.950;-999;   0.8;   9.7;  995.02;   19.7;   47.04;   27.4;    9.3;    5.5;eor
       1443;20200713;   10;  10.3;   2.7;    3;   0.0;   0;   13.833;-999;   7.0;  10.6;  992.06;   20.6;   46.21;   27.2;   10.9;    6.9;eor
       1443;20200714;   10;   8.5;   1.8;    3;   0.6;   6;   10.983;-999;   5.6;  10.7;  987.17;   21.1;   46.54;   28.3;   10.8;    7.6;eor
       1443;20200715;   10;   7.3;   1.9;    3;   7.7;   6;    0.250;-999;   7.8;  15.4;  987.49;   17.1;   79.46;   21.2;   15.1;   14.7;eor
       1443;20200716;   10;   6.2;   1.6;    3;   3.7;   6;    0.000;-999;   7.9;  16.4;  991.10;   16.4;   88.29;   18.0;   15.1;   15.0;eor
       1443;20200717;   10;   5.8;   1.8;    3;   0.0;   6;    1.917;-999;   7.5;  15.7;  992.12;   17.6;   79.38;   22.6;   14.1;   12.3;eor
       1443;20200718;   10;   8.4;   2.0;    3;   0.0;   0;   12.967;-999;   5.0;  13.1;  990.85;   19.4;   62.33;   27.4;   10.7;    8.2;eor
       1443;20200719;   10;   7.4;   1.7;    3;   0.0;   0;   13.133;-999;   3.1;  12.8;  988.70;   20.9;   56.17;   29.2;   10.8;    7.9;eor
       1443;20200720;   10;   8.2;   1.9;    3;   0.0;   0;   12.300;-999;   3.0;  13.1;  988.61;   23.2;   52.21;   32.1;   12.9;    9.9;eor
       1443;20200721;   10;   7.5;   2.0;    3;   0.0;   6;   10.350;-999;   3.4;  14.9;  992.21;   21.6;   59.46;   28.3;   15.1;   11.8;eor
       1443;20200722;   10;   5.8;   1.8;    3;   0.0;   0;    9.417;-999;   4.1;  12.7;  991.40;   21.3;   51.08;   29.2;   14.0;   11.6;eor
       1443;20200723;   10;   7.1;   1.8;    3;   0.0;   6;   12.867;-999;   5.1;  12.2;  987.94;   20.9;   53.21;   28.8;   13.1;   10.7;eor
       1443;20200724;   10;   9.8;   1.9;    3;   0.0;   6;    2.567;-999;   6.7;  13.5;  985.86;   20.5;   57.96;   28.0;   15.2;   12.4;eor
       1443;20200725;   10;   9.1;   2.2;    3;   1.7;   6;   11.383;-999;   5.9;  13.1;  985.98;   22.9;   50.50;   29.9;   13.2;   10.7;eor
       1443;20200726;   10;  12.2;   2.9;    3;   1.2;   6;    3.817;-999;   7.1;  16.6;  986.90;   21.2;   67.71;   27.0;   15.2;   12.4;eor
       1443;20200727;   10;  10.9;   2.6;    3;   0.0;   0;   13.533;-999;   0.7;  14.6;  987.00;   24.3;   53.67;   32.9;   12.7;   10.2;eor
       1443;20200728;   10;  11.9;   3.9;    3;   0.0;   0;    5.783;-999;   4.7;  15.5;  986.60;   24.9;   49.96;   30.2;   18.0;   15.4;eor
       1443;20200729;   10;   7.3;   2.0;    3;   0.0;   0;   13.117;-999;   3.3;  12.0;  991.32;   21.6;   49.33;   28.4;   13.5;   10.3;eor
       1443;20200730;   10;   7.3;   1.7;    3;   0.0;   0;   13.250;-999;   0.0;  11.3;  990.64;   22.9;   45.38;   32.8;   11.6;    8.7;eor
       1443;20200731;   10;   6.2;   1.6;    3;   0.0;   0;   12.650;-999;  -999;  13.0;  988.23;   25.3;   41.50;   35.6;   15.0;   12.5;eor
       1443;20200801;   10;  12.9;   2.7;    3;   5.8;   6;    7.833;-999;   6.7;  16.9;  987.05;   26.9;   50.63;   34.6;   19.3;   16.1;eor
       1443;20200802;   10;   7.9;   2.0;    3;  16.0;   8;    0.017;-999;   8.0;  19.9;  987.28;   20.4;   83.17;   23.9;   17.4;   16.6;eor
       1443;20200803;   10;   9.2;   1.9;    3;  23.5;   8;    3.567;-999;   8.0;  16.7;  984.68;   17.8;   83.42;   24.1;   14.9;   13.5;eor
       1443;20200804;   10;   6.9;   1.6;    3;   0.0;   6;    4.083;-999;   6.0;  14.6;  988.42;   17.3;   75.79;   22.2;   11.8;    9.9;eor
       1443;20200805;   10;   8.9;   1.9;    3;   0.0;   0;   12.917;-999;   0.3;  12.1;  989.62;   19.8;   58.08;   28.1;    9.5;    7.3;eor
       1443;20200806;   10;   7.0;   1.8;    3;   0.0;   0;   12.900;-999;   1.1;  15.1;  990.90;   21.6;   60.79;   29.4;   12.3;    9.6;eor
       1443;20200807;   10;   7.2;   1.8;    3;   0.0;   0;   12.800;-999;  -999;  18.4;  991.16;   24.0;   59.50;   32.5;   15.3;   12.7;eor
       1443;20200808;   10;   5.8;   1.6;    3;   0.0;   0;   12.700;-999;  -999;  -999;    -999;   25.0;-999;   34.0;   16.8;   14.1;eor
       1443;20200809;   10;   7.4;   1.8;    3;   0.0;   0;   13.000;-999;  -999;  -999;    -999;   26.4;-999;   35.5;   16.7;   14.2;eor
       1443;20200810;   10;   6.3;   1.6;    3;   0.0;   0;   12.000;-999;  -999;  -999;  986.27;   24.4;-999;   34.5;   16.7;   13.9;eor
       1443;20200811;   10;   9.7;   1.8;    3;   0.0;   6;    9.000;-999;  -999;  18.2;  987.18;   26.4;   55.29;   34.5;   18.0;   16.3;eor
       1443;20200812;   10;  12.6;   2.7;    3;   0.0;   6;    9.550;-999;   4.9;  19.1;  986.56;   26.0;   59.54;   33.7;   18.3;   16.2;eor
       1443;20200813;   10;   9.4;   2.0;    3;   0.6;   6;    3.433;-999;   7.3;  17.9;  986.46;   25.3;   56.42;   31.6;   19.6;   17.2;eor
       1443;20200814;   10;  10.2;   2.6;    3;   0.0;   6;    3.833;-999;   6.2;  18.9;  987.62;   22.2;   71.17;   26.7;   17.4;   15.4;eor
       1443;20200815;   10;   7.7;   1.5;    3;   0.0;   0;   11.867;-999;   3.2;  17.8;  986.45;   23.1;   66.71;   30.7;   15.9;   13.5;eor
       1443;20200816;   10;  17.6;   1.9;    3;  11.2;   8;   10.633;-999;   5.5;  17.1;  983.11;   23.8;   61.75;   32.0;   15.2;   12.1;eor
       1443;20200817;   10;   8.1;   1.9;    3;   0.0;   6;    6.050;-999;   7.1;  17.6;  984.30;   21.5;   70.38;   27.3;   16.5;   15.6;eor
       1443;20200818;   10;   8.1;   1.7;    3;   0.0;   6;    8.117;-999;   4.9;  15.8;  985.19;   21.0;   65.71;   26.9;   15.2;   12.7;eor
       1443;20200819;   10;   5.2;   1.4;    3;   0.0;   6;    7.317;-999;   6.2;  15.9;  983.18;   22.2;   62.38;   28.4;   13.5;   11.0;eor
       1443;20200820;   10;  10.4;   2.1;    3;   0.0;   0;   11.467;-999;   2.9;  16.4;  982.12;   26.8;   51.13;   34.9;   18.6;   17.0;eor
       1443;20200821;   10;  10.4;   2.1;    3;   0.3;   6;   11.300;-999;   2.2;  17.1;  984.61;   26.8;   52.17;   35.1;   17.8;   15.0;eor
       1443;20200822;   10;  10.9;   3.4;    3;   0.2;   6;    4.617;-999;   5.5;  16.4;  991.10;   22.9;   59.33;   27.4;   16.6;   14.1;eor
       1443;20200823;   10;  11.7;   2.9;    3;   0.0;   6;    4.800;-999;   6.7;  12.9;  991.57;   20.2;   55.88;   25.7;   14.9;   13.2;eor
       1443;20200824;   10;   8.9;   2.0;    3;   0.0;   0;    5.717;-999;   6.8;  11.6;  990.14;   19.2;   54.17;   24.9;   12.9;   10.1;eor
       1443;20200825;   10;   9.5;   2.2;    3;   0.0;   6;    3.983;-999;   5.9;  11.3;  985.83;   20.5;   51.50;   27.2;   10.2;    7.2;eor
       1443;20200826;   10;  17.6;   6.0;    3;   0.0;   0;    7.667;-999;   6.0;  12.5;  988.26;   22.9;   45.63;   26.5;   14.7;    9.7;eor
       1443;20200827;   10;   6.4;   1.7;    3;   0.0;   0;    5.467;-999;   4.6;  11.4;  988.10;   19.3;   54.42;   26.1;   10.1;    6.8;eor
       1443;20200828;   10;  11.7;   4.1;    3;  14.4;   6;    0.117;-999;   7.2;  15.0;  979.16;   18.9;   68.83;   23.3;   15.4;   12.8;eor
       1443;20200829;   10;  10.1;   2.7;    3;   3.2;   6;    0.567;-999;   7.9;  13.7;  979.13;   17.2;   70.42;   19.2;   13.9;   13.0;eor
       1443;20200830;   10;   7.2;   2.0;    3;  28.4;   6;    0.000;-999;   7.7;  14.8;  982.90;   14.1;   92.17;   14.8;   12.0;    9.9;eor
       1443;20200831;   10;   8.7;   1.9;    3;   0.0;   6;    4.867;-999;   6.9;  13.3;  989.26;   15.2;   78.21;   20.2;   10.3;    7.8;eor
       1443;20200901;   10;   7.3;   1.5;    3;   1.4;   6;    2.367;-999;   7.9;  14.6;  988.72;   15.6;   83.29;   20.4;   13.0;   12.9;eor
       1443;20200902;   10;   9.5;   1.8;    3;   0.0;   6;    8.517;-999;   4.6;  13.3;  989.90;   16.0;   75.38;   22.0;   10.7;    8.2;eor
       1443;20200903;   10;   8.8;   2.4;    3;   0.0;   0;   11.000;-999;   5.2;  12.0;  994.33;   17.5;   63.92;   24.4;    8.6;    5.8;eor
       1443;20200904;   10;   6.0;   1.5;    3;   0.0;   0;   11.317;-999;   2.9;  14.1;  994.90;   20.5;   61.75;   29.7;   11.1;    8.7;eor
       1443;20200905;   10;  10.9;   3.5;    3;   0.0;   0;    4.867;-999;   5.7;  14.7;  990.44;   21.0;   61.17;   28.0;   14.5;   11.6;eor
       1443;20200906;   10;   8.2;   2.0;    3;   0.0;   0;    2.717;-999;   6.6;  12.3;  991.59;   16.0;   68.67;   20.0;    9.8;    7.0;eor
       1443;20200907;   10;  10.6;   2.3;    3;   0.0;   0;    9.933;-999;   3.3;  11.1;  994.77;   15.5;   66.29;   23.5;    8.2;    6.1;eor
       1443;20200908;   10;   6.5;   1.2;    3;   0.0;   0;   11.500;-999;   0.6;  12.2;  998.39;   16.3;   68.92;   25.2;    7.7;    4.4;eor
       1443;20200909;   10;   5.7;   1.1;    3;   0.0;   0;   11.467;-999;   0.1;  13.2;  994.91;   18.1;   67.54;   27.5;    9.6;    6.0;eor
       1443;20200910;   10;   9.5;   2.4;    3;   0.0;   0;   10.717;-999;   3.7;  15.5;  991.36;   18.6;   72.54;   25.7;   11.1;    8.7;eor
       1443;20200911;   10;   7.9;   1.6;    3;   0.0;   0;   11.050;-999;   3.5;  16.6;  988.78;   19.9;   73.21;   26.9;   13.1;   10.2;eor
       1443;20200912;   10;   5.6;   1.2;    3;   0.0;   0;   10.833;-999;   0.4;  15.7;  992.05;   20.2;   70.38;   28.5;   12.9;   10.0;eor
       1443;20200913;   10;   5.8;   1.5;    3;   0.0;   0;   11.000;-999;   2.2;  15.5;  997.05;   20.2;   68.42;   28.8;   11.0;    8.5;eor
       1443;20200914;   10;   4.2;   1.0;    3;   0.0;   0;   11.000;-999;   3.9;  14.9;  995.97;   20.6;   66.33;   31.0;   12.0;    8.5;eor
       1443;20200915;   10;   5.7;   1.3;    3;   0.0;   0;   11.083;-999;   1.0;  15.4;  992.70;   22.0;   63.00;   32.0;   13.3;    9.8;eor
       1443;20200916;   10;  10.2;   1.5;    3;   0.0;   0;    6.750;-999;   6.5;  15.7;  991.21;   21.8;   63.21;   31.6;   14.7;   12.3;eor
       1443;20200917;   10;  10.2;   2.8;    3;   0.0;   0;   10.733;-999;   1.4;  16.4;  992.60;   19.9;   71.25;   26.8;   14.7;   11.1;eor
       1443;20200918;   10;   8.4;   2.2;    3;   0.0;   0;   10.767;-999;   0.0;  14.8;  992.17;   19.1;   68.88;   26.5;   11.8;    8.2;eor
       1443;20200919;   10;   4.8;   1.3;    3;   0.0;   0;    6.583;-999;   5.5;  15.8;  989.30;   18.8;   74.21;   26.3;   11.3;    9.0;eor
       1443;20200920;   10;   5.9;   1.4;    3;   0.0;   0;   10.000;-999;   2.4;  14.6;  986.68;   18.2;   72.33;   25.5;   12.5;    9.2;eor
       1443;20200921;   10;   6.5;   1.6;    3;   0.0;   6;   10.567;-999;   1.9;  14.1;  986.88;   19.2;   66.58;   27.2;   10.3;    6.7;eor
       1443;20200922;   10;  10.9;   2.2;    3;   0.1;   6;    6.417;-999;   5.0;  15.3;  983.75;   19.9;   68.04;   26.9;   12.6;    8.9;eor
       1443;20200923;   10;  11.4;   4.3;    3;   0.0;   6;    5.117;-999;   6.5;  14.6;  981.22;   19.7;   64.29;   23.6;   14.9;   11.9;eor
       1443;20200924;   10;  11.3;   4.5;    3;  14.1;   6;    3.033;-999;   7.8;  14.4;  978.80;   18.8;   67.29;   23.1;   15.1;   13.0;eor
       1443;20200925;   10;  14.0;   5.0;    3;   3.3;   6;    0.033;-999;   7.7;  10.5;  975.25;   11.6;   76.88;   16.1;    9.0;    8.1;eor
       1443;20200926;   10;  14.0;   5.9;    3;  12.5;   6;    0.000;-999;   7.8;   9.4;  976.58;    8.8;   83.04;    9.3;    8.4;    7.1;eor
       1443;20200927;   10;  15.6;   5.1;    3;   0.0;   6;    0.567;-999;   6.5;   9.0;  976.87;    9.5;   76.88;   13.2;    4.7;    2.1;eor
       1443;20200928;   10;   8.3;   2.5;    3;   5.5;   6;    6.400;-999;   4.9;   9.6;  983.91;   10.5;   76.83;   16.5;    3.1;    0.3;eor
       1443;20200929;   10;  11.9;   4.0;    3;   0.5;   6;    0.000;-999;   7.8;  11.8;  990.55;   12.3;   82.92;   14.8;    9.0;    6.9;eor
       1443;20200930;   10;   5.2;   1.1;    3;   0.0;   0;    9.683;-999;   4.2;  11.5;  987.15;   12.4;   81.50;   19.9;    6.3;    4.0;eor
       1443;20201001;   10;  11.6;   2.5;    3;   1.4;   6;    2.733;-999;   7.4;  12.2;  978.31;   12.9;   82.54;   20.1;    7.1;    4.7;eor
       1443;20201002;   10;   8.3;   2.2;    3;   0.9;   6;    0.300;   0;   7.8;  12.8;  963.97;   13.3;   83.63;   16.6;   10.1;    8.7;eor
       1443;20201003;   10;  16.9;   4.2;    3;   6.7;   6;    5.050;   0;   5.8;  10.0;  965.50;   12.9;   68.58;   16.9;    8.0;    7.3;eor
       1443;20201004;   10;  20.5;   4.8;    3;   3.8;   6;    4.533;   0;   6.8;   9.7;  972.25;   13.6;   62.83;   17.9;   10.1;    8.2;eor
       1443;20201005;   10;  16.1;   5.4;    3;   0.8;   6;    0.000;   0;   7.5;  10.0;  979.29;   12.6;   68.54;   14.8;   10.2;    8.1;eor
       1443;20201006;   10;  16.6;   6.3;    3;  17.1;   6;    0.750;   0;   7.7;  11.4;  981.38;   13.6;   73.79;   16.8;   11.6;   10.0;eor
       1443;20201007;   10;  12.2;   5.3;    3;   0.6;   6;    1.233;   0;   7.6;  11.7;  989.05;   12.8;   79.33;   15.1;   10.8;    9.2;eor
       1443;20201008;   10;  11.8;   5.2;    3;   0.0;   0;    3.850;   0;   7.0;  12.0;  994.39;   15.4;   69.00;   19.4;   12.0;   10.1;eor
       1443;20201009;   10;  11.7;   4.7;    3;   8.9;   6;    2.283;   0;   7.6;  12.6;  993.03;   16.2;   68.38;   19.1;   13.8;   12.0;eor
       1443;20201010;   10;  10.5;   2.2;    3;   3.4;   6;    0.417;   0;   6.9;  11.3;  994.11;   10.3;   89.21;   14.7;    3.9;    1.0;eor
       1443;20201011;   10;   6.8;   1.1;    3;   3.3;   6;    0.983;   0;   5.0;   8.8;  993.01;    6.6;   90.71;   11.6;    1.9;   -0.4;eor
       1443;20201012;   10;   4.9;   1.0;    3;   1.1;   6;    0.917;   0;   6.4;   8.8;  992.48;    6.8;   89.50;   11.3;    1.8;   -0.5;eor
       1443;20201013;   10;   4.6;   1.2;    3;   0.0;   0;    6.950;   0;   7.8;   8.4;  984.98;    6.7;   85.79;   12.9;    1.2;   -1.1;eor
       1443;20201014;   10;   8.5;   1.9;    3;   0.0;   0;    5.617;-999;   5.9;   8.0;  984.48;    7.4;   79.38;   13.3;    3.4;    1.2;eor
       1443;20201015;   10;   7.0;   2.3;    3;   1.5;   6;    0.067;-999;   7.8;   9.8;  986.14;    8.0;   91.17;   10.1;    4.6;    2.3;eor
       1443;20201016;   10;   6.7;   2.5;    3;   0.0;   6;    0.000;-999;   7.9;  10.8;  989.50;    9.4;   91.96;   11.0;    7.8;    6.4;eor
       1443;20201017;   10;   4.2;   1.6;    3;   0.1;   6;    0.950;-999;   7.9;   9.5;  991.18;    8.4;   86.92;   11.1;    6.5;    6.1;eor
       1443;20201018;   10;   4.4;   1.0;    3;   0.0;   0;    2.333;-999;   7.7;   9.3;  994.78;    8.7;   83.67;   13.2;    6.5;    6.0;eor
       1443;20201019;   10;   4.2;   1.1;    3;   0.0;   0;    8.267;-999;   7.0;   8.8;  993.35;    8.9;   79.21;   15.0;    2.7;   -0.2;eor
       1443;20201020;   10;   6.0;   1.3;    3;   0.0;   0;    3.567;-999;   7.8;   9.4;  986.67;   10.5;   76.54;   19.9;    1.7;   -1.2;eor
       1443;20201021;   10;  10.1;   2.5;    3;   0.0;   0;    0.950;   0;   8.0;  11.4;  983.39;   14.9;   69.46;   19.4;    9.1;    6.5;eor
       1443;20201022;   10;  10.7;   2.4;    3;   7.7;   6;    1.150;   0;   7.9;  13.4;  988.44;   17.4;   69.17;   23.0;   14.3;   11.9;eor
       1443;20201023;   10;   7.5;   2.1;    3;   7.4;   6;    0.000;   0;   7.7;  15.3;  987.20;   15.0;   90.21;   16.1;   13.7;   12.5;eor
       1443;20201024;   10;  10.0;   4.1;    3;   0.0;   0;    5.133;   0;   6.5;  12.0;  989.76;   13.5;   77.46;   17.0;    8.6;    4.7;eor
       1443;20201025;   10;  11.0;   2.1;    3;  11.5;   6;    6.250;   0;   7.4;  10.3;  980.74;   12.5;   73.42;   19.1;    4.6;    1.8;eor
       1443;20201026;   10;   9.6;   3.4;    3;   5.3;   6;    0.000;   0;   7.7;  10.3;  979.84;    9.7;   85.13;   12.4;    7.7;    5.5;eor
       1443;20201027;   10;  11.3;   4.0;    3;   0.7;   6;    1.833;   0;   6.8;   8.5;  983.70;   10.1;   69.54;   13.0;    7.1;    3.5;eor
       1443;20201028;   10;  13.9;   5.0;    3;   2.2;   6;    1.583;   0;   7.8;  11.1;  986.77;   13.5;   71.83;   15.3;   10.9;    9.8;eor
       1443;20201029;   10;  15.3;   5.7;    3;   0.8;   6;    0.000;   0;   7.8;  11.5;  993.27;   12.8;   77.79;   14.0;   11.5;   10.2;eor
       1443;20201030;   10;  12.5;   4.8;    3;   0.0;   0;    2.533;   0;   5.4;  11.4;  997.44;   12.7;   77.75;   16.4;    4.8;    1.8;eor
       1443;20201031;   10;   4.6;   1.0;    3;   0.0;   0;    8.533;   0;   3.1;   9.8;  994.78;    9.0;   85.67;   18.0;    2.8;   -0.6;eor
       1443;20201101;    3;  11.5;   5.1;    3;  10.7;   6;    0.000;   0;   7.8;  13.7;  991.53;   16.6;   72.75;   19.7;   11.8;    7.0;eor
       1443;20201102;    3;  12.1;   4.5;    3;   0.9;   6;    0.150;   0;   7.7;  15.3;  990.38;   19.8;   66.08;   22.4;   17.4;   15.3;eor
       1443;20201103;    3;  13.2;   2.4;    3;   6.7;   6;    0.000;   0;   7.8;  11.5;  997.00;   11.2;   86.63;   19.1;    8.1;    7.6;eor
       1443;20201104;    3;   5.4;   2.0;    3;   0.0;   6;    0.000;   0;   7.9;   9.5; 1001.89;    8.3;   86.92;    9.5;    7.5;    6.8;eor
       1443;20201105;    3;   6.2;   1.9;    3;   0.0;   0;    1.817;   0;   7.1;   9.0; 1005.97;    8.7;   80.29;   12.0;    4.9;    1.4;eor
       1443;20201106;    3;   3.6;   1.0;    3;   0.0;   0;    3.817;   0;   2.5;   7.7; 1002.54;    4.5;   92.17;   10.1;    1.1;   -1.7;eor
       1443;20201107;    3;   2.5;   0.8;    3;   0.0;   0;    6.117;   0;   3.0;   8.3;  997.36;    5.9;   89.42;   13.3;    0.6;   -1.8;eor
       1443;20201108;    3;   3.1;   0.9;    3;   0.0;   6;    1.433;   0;   6.9;   9.3;  996.11;    7.4;   90.46;   13.6;    2.8;    0.8;eor
       1443;20201109;    3;   3.0;   0.9;    3;   0.0;   0;    7.767;   0;   2.6;  10.6;  995.73;   10.3;   86.00;   17.3;    5.6;    1.9;eor
       1443;20201110;    3;   3.5;   1.0;    3;   0.0;   4;    0.700;   0;   7.4;   9.9;  998.15;    7.0;   98.13;   10.4;    3.5;    0.6;eor
       1443;20201111;    3;   3.3;   1.2;    3;   0.0;   6;    0.000;   0;   8.0;  10.9;  996.92;    8.7;   96.42;   10.6;    7.4;    7.4;eor
       1443;20201112;    3;  11.3;   2.6;    3;   0.0;   6;    0.800;   0;   7.3;  10.2;  993.73;   10.2;   83.13;   14.4;    5.2;    1.6;eor
       1443;20201113;    3;   6.7;   1.3;    3;   0.0;   6;    2.050;   0;   7.0;  10.1;  992.96;   10.7;   80.21;   17.9;    3.2;    0.1;eor
       1443;20201114;    3;   9.3;   2.4;    3;   0.0;   0;    7.700;   0;   6.2;  10.0;  991.58;   12.6;   69.92;   18.7;    6.1;    1.6;eor
       1443;20201115;    3;  16.3;   3.5;    3;   3.9;   6;    6.317;   0;   7.3;  10.2;  985.85;   14.6;   62.79;   19.7;    7.4;    3.8;eor
       1443;20201116;    3;  12.6;   5.6;    3;   0.0;   0;    1.583;   0;   7.5;   9.8;  992.62;   11.3;   72.67;   14.8;   10.1;    8.3;eor
       1443;20201117;    3;   6.1;   2.0;    3;   0.0;   0;    5.817;   0;   7.9;   8.8; 1000.37;    9.4;   75.21;   13.5;    3.2;   -0.4;eor
       1443;20201118;    3;  10.2;   1.0;    3;   0.0;   0;    7.467;   0;   0.6;   8.1;  997.75;    7.2;   80.79;   16.0;    1.0;   -1.9;eor
       1443;20201119;    3;  15.1;   4.8;    3;   4.6;   6;    1.250;   0;   6.4;   8.9;  998.19;   11.1;   68.29;   15.6;    7.2;    5.2;eor
       1443;20201120;    3;   6.2;   1.7;    3;   0.0;   6;    2.850;   0;   4.3;   7.3; 1005.43;    5.0;   83.96;    8.6;   -1.4;   -4.7;eor
       1443;20201121;    3;   3.5;   1.1;    3;   0.0;   0;    6.433;   0;   3.5;   5.3; 1005.26;   -0.4;   88.92;    4.2;   -3.7;   -6.5;eor
       1443;20201122;    3;   3.1;   1.0;    3;   0.0;   0;    5.533;   0;   6.4;   5.5; 1001.05;    1.4;   81.46;    7.5;   -3.5;   -6.1;eor
       1443;20201123;    3;   3.7;   0.9;    3;   0.0;   0;    1.850;   0;   5.8;   6.3; 1000.83;    3.7;   79.79;    9.0;   -0.6;   -3.3;eor
       1443;20201124;    3;   4.3;   1.1;    3;   0.0;   0;    7.250;   0;   2.9;   6.4;  996.33;    1.6;   92.42;    7.6;   -2.3;   -5.2;eor
       1443;20201125;    3;   3.7;   1.1;    3;   0.0;   0;    2.150;   0;   7.2;   6.4;  992.76;    1.0;   97.67;    4.3;   -1.3;   -1.1;eor
       1443;20201126;    3;   2.6;   0.9;    3;   0.0;   0;    7.217;   0;   2.1;   6.1;  993.95;    1.3;   90.96;    9.1;   -2.6;   -4.8;eor
       1443;20201127;    3;   2.8;   1.0;    3;   0.0;   0;    4.367;   0;   4.8;   6.6;  991.68;    2.5;   89.96;    8.6;   -2.3;   -4.7;eor
       1443;20201128;    3;   4.2;   1.4;    3;   0.0;   0;    0.000;   0;   8.0;   6.3;  990.56;    0.7;   98.58;    1.5;    0.1;    0.3;eor
       1443;20201129;    3;   3.8;   1.2;    3;   0.0;   0;    3.633;   0;   4.8;   5.7;  993.95;    0.6;   88.83;    4.9;   -4.0;   -7.0;eor
       1443;20201130;    3;   4.4;   1.2;    3;   5.6;   8;    6.700;   0;   2.3;   4.5;  997.12;   -1.4;   82.63;    3.4;   -6.2;   -9.2;eor
       1443;20201201;    3;  13.1;   2.7;    3;   4.4;   8;    0.000;   0;   7.7;   6.4;  989.22;    2.2;   88.79;    4.1;    0.4;   -1.0;eor
       1443;20201202;    3;   4.9;   1.6;    3;   0.0;   0;    0.117;   0;   7.9;   6.6;  986.91;    2.1;   92.17;    4.3;    0.8;   -0.6;eor
       1443;20201203;    3;   7.5;   2.3;    3;   0.2;   6;    2.300;   0;   7.6;   5.8;  976.20;    3.5;   73.96;    6.9;    0.7;   -0.2;eor
       1443;20201204;    3;  14.1;   2.2;    3;   8.7;   8;    0.000;   0;   7.7;   7.0;  962.35;    5.6;   78.29;    9.0;    2.9;    1.9;eor
       1443;20201205;    3;   6.7;   2.0;    3;   2.7;   6;    0.183;   0;   7.5;   7.2;  970.25;    3.5;   91.50;    5.2;    1.9;    0.3;eor
       1443;20201206;    3;   4.0;   1.1;    3;   2.0;   6;    0.000;   0;   7.5;   7.5;  971.60;    3.9;   92.50;    4.9;    3.1;    2.8;eor
       1443;20201207;    3;   7.7;   1.9;    3;   0.0;   6;    3.100;   0;   6.0;   6.8;  972.75;    3.8;   84.88;    6.8;   -1.5;   -4.2;eor
       1443;20201208;    3;   4.2;   1.3;    3;   0.3;   6;    2.783;   0;   7.4;   6.1;  974.34;    1.0;   93.17;    2.5;   -1.8;   -4.3;eor
       1443;20201209;    3;   5.2;   1.4;    3;   1.4;   8;    0.000;   0;   7.9;   6.6;  981.84;    2.0;   93.21;    3.0;    1.0;    0.6;eor
       1443;20201210;    3;   3.0;   1.0;    3;   0.0;   6;    0.000;   0;   6.2;   5.9;  978.99;    0.8;   90.38;    2.7;   -3.1;   -6.0;eor
       1443;20201211;    3;   9.9;   1.3;    3;   4.6;   6;    0.783;   0;   7.2;   6.3;  970.65;    1.6;   89.92;    8.4;   -4.2;   -6.7;eor
       1443;20201212;    3;  10.9;   4.6;    3;   7.0;   6;    1.000;   0;   7.8;   8.7;  972.00;    7.9;   82.08;    9.4;    5.9;    4.4;eor
       1443;20201213;    3;   8.3;   2.7;    3;   0.6;   6;    2.283;   0;   7.5;   8.1;  984.56;    6.3;   84.92;    8.1;    0.9;   -2.2;eor
       1443;20201214;    3;   3.0;   0.9;    3;   0.2;   6;    4.500;   0;   6.5;   7.0;  984.60;    3.7;   88.13;    9.6;   -1.3;   -3.5;eor
       1443;20201215;    3;   6.9;   1.4;    3;   7.0;   6;    0.000;   0;   7.9;   9.5;  985.74;    7.0;   94.08;   11.1;    4.0;    2.1;eor
       1443;20201216;    3;   3.6;   0.9;    3;   0.0;   6;    1.750;   0;   7.7;   9.3;  989.57;    6.3;   97.13;   10.8;    2.5;   -0.2;eor
       1443;20201217;    3;   9.3;   1.8;    3;   0.0;   6;    0.467;   0;   7.5;   8.9;  994.67;    7.7;   85.21;   12.4;    0.9;   -1.5;eor
       1443;20201218;    3;   3.9;   1.1;    3;   0.0;   0;    4.583;   0;   5.0;   9.1;  995.34;    6.5;   93.54;   11.4;    2.9;   -0.4;eor
       1443;20201219;    3;   4.7;   1.0;    3;   0.3;   6;    0.400;   0;   6.3;   8.3;  991.36;    5.5;   91.79;    8.2;    1.1;   -2.0;eor
       1443;20201220;    3;   7.6;   2.1;    3;   0.3;   6;    0.000;   0;   7.9;   9.5;  993.12;    8.8;   83.92;   11.4;    5.7;    5.0;eor
       1443;20201221;    3;  14.7;   3.1;    3;   4.2;   6;    0.000;   0;   7.7;   9.2;  993.57;    8.7;   81.50;   12.5;    4.0;    0.7;eor
       1443;20201222;    3;  15.6;   6.7;    3;   0.0;   6;    0.067;   0;   8.0;  12.3;  992.60;   14.1;   76.46;   15.4;   11.8;   10.9;eor
       1443;20201223;    3;  13.4;   4.1;    3;   2.5;   6;    0.217;   0;   7.9;  11.4;  988.02;   13.4;   74.33;   15.7;   11.1;    9.4;eor
       1443;20201224;    3;  19.4;   6.5;    3;   7.2;   8;    0.000;   0;   7.5;   8.0;  985.21;    8.0;   74.75;   11.4;    2.0;    1.7;eor
       1443;20201225;    3;   5.9;   1.6;    3;   0.2;   8;    0.033;   0;   7.1;   6.4;  992.71;    2.2;   89.63;    3.5;   -2.0;   -4.3;eor
       1443;20201226;    3;   6.2;   1.8;    3;   0.0;   7;    3.250;   0;   5.4;   5.1;  996.74;    0.4;   81.71;    4.3;   -2.2;   -4.5;eor
       1443;20201227;    3;  19.2;   5.5;    3;  13.0;   6;    0.000;   0;   7.8;   5.3;  971.64;    4.2;   63.79;   10.1;   -1.9;   -3.4;eor
       1443;20201228;    3;  20.9;   5.2;    3;   5.5;   6;    0.683;   0;   6.6;   6.7;  954.05;    5.4;   74.54;    8.3;    2.1;   -1.4;eor
       1443;20201229;    3;  19.5;   6.5;    3;   0.0;   6;    3.117;   0;   7.5;   6.4;  964.72;    5.9;   69.13;    7.4;    4.7;    2.9;eor
       1443;20201230;    3;  10.9;   4.7;    3;   0.0;   6;    0.083;   0;   7.5;   6.3;  976.89;    4.6;   74.63;    5.6;    3.1;   -0.9;eor
       1443;20201231;    3;   7.5;   2.5;    3;   4.5;   8;    0.000;   0;   7.4;   6.1;  977.34;    3.9;   75.54;    6.3;    0.3;   -2.6;eor
       1443;20210101;    3;   5.7;   1.6;    3;   0.6;   8;    0.000;   0;   7.9;   6.6;  980.04;    2.8;   88.83;    4.9;    0.8;    0.0;eor
       1443;20210102;    3;   5.8;   2.0;    3;   0.0;   8;    0.000;   0;   8.0;   5.7;  982.51;    1.8;   81.79;    2.9;    0.9;    0.6;eor
       1443;20210103;    3;   3.6;   1.5;    3;   0.0;   8;    0.000;   0;   7.9;   5.7;  982.75;    0.8;   88.33;    1.5;    0.1;   -0.2;eor
       1443;20210104;    3;   7.2;   1.6;    3;   0.0;   0;    0.000;   0;   7.8;   5.6;  983.02;    1.4;   83.67;    2.8;    0.2;   -0.2;eor
       1443;20210105;    3;   7.2;   1.5;    3;   0.6;   8;    0.000;   0;   8.0;   5.1;  983.44;    1.1;   77.21;    1.8;    0.3;   -0.2;eor
       1443;20210106;    3;   5.3;   1.6;    3;   3.3;   8;    0.000;   0;   7.9;   5.9;  985.05;    0.6;   92.21;    1.0;    0.2;   -0.2;eor
       1443;20210107;    3;   4.0;   1.6;    3;   0.0;   8;    0.000;   0;   7.8;   6.0;  986.86;    1.6;   87.58;    2.9;    0.2;   -2.2;eor
       1443;20210108;    3;   3.7;   0.9;    3;   0.0;   7;    1.050;   0;   5.4;   5.3;  988.53;    0.0;   87.21;    3.9;   -4.7;   -7.1;eor
       1443;20210109;    3;   7.9;   1.6;    3;   0.0;   0;    4.367;   0;   5.6;   4.6;  991.80;   -1.1;   82.21;    3.2;   -5.6;   -7.6;eor
       1443;20210110;    3;   7.4;   2.0;    3;   0.0;   0;    6.983;   0;   0.0;   3.8;  993.28;   -2.2;   74.33;    3.4;   -7.7;   -9.7;eor
       1443;20210111;    3;   5.4;   1.3;    3;   0.0;   0;    7.033;   0;   2.1;   3.5;  994.40;   -3.3;   74.58;    0.9;   -8.3;  -10.8;eor
       1443;20210112;    3;  16.8;   7.1;    3;   3.2;   6;    0.000;   0;   7.6;   5.9;  988.93;    2.5;   79.21;    4.0;   -3.9;   -6.4;eor
       1443;20210113;    3;  13.8;   3.5;    3;  19.0;   8;    2.000;   0;   7.8;   7.0;  990.78;    3.6;   87.63;    7.4;   -0.9;   -2.3;eor
       1443;20210114;    3;  11.6;   1.9;    3;  24.9;   8;    0.000;   0;   7.5;   6.6;  988.77;    1.5;   96.50;    7.3;    0.1;    0.0;eor
       1443;20210115;    3;   4.7;   1.3;    3;   1.0;   8;    4.317;  18;   3.9;   5.2;  993.07;   -1.7;   94.17;    1.0;  -10.9;   -3.4;eor
       1443;20210116;    3;   6.4;   1.5;    3;   3.4;   8;    0.883;  16;   6.8;   4.0;  997.72;   -4.7;   90.71;   -1.3;  -10.7;   -4.1;eor
       1443;20210117;    3;  10.0;   2.7;    3;   3.8;   8;    0.000;  17;   7.9;   6.0;  992.25;    1.3;   89.46;    2.5;   -1.5;   -0.7;eor
       1443;20210118;    3;   8.3;   2.5;    3;   0.0;   8;    0.000;   9;   8.0;   5.9;  998.61;    2.5;   80.79;    3.8;    1.0;   -1.9;eor
       1443;20210119;    3;  14.1;   4.8;    3;   0.1;   8;    0.217;   7;   8.0;   4.9;  990.90;    3.6;   62.42;    7.0;   -1.3;   -4.4;eor
       1443;20210120;    3;   5.7;   1.0;    3;   0.0;   6;    0.100;   3;   8.0;   6.1;  979.68;    2.9;   81.54;    9.0;   -1.4;   -5.4;eor
       1443;20210121;    3;  16.4;   5.6;    3;   2.2;   6;    0.083;   2;   7.8;   7.7;  973.10;   11.4;   56.54;   13.8;    4.5;    1.0;eor
       1443;20210122;    3;  18.5;   5.6;    3;  17.6;   8;    1.783;   0;   7.8;   8.0;  967.52;    9.3;   70.42;   15.5;    0.2;    0.0;eor
       1443;20210123;    3;  12.6;   3.0;    3;   4.9;   6;    1.450;   1;   7.8;   6.5;  970.07;    3.8;   81.17;    6.5;    0.2;    0.0;eor
       1443;20210124;    3;  12.7;   4.6;    3;   1.7;   8;    3.750;   0;   6.8;   5.1;  973.75;    2.6;   68.88;    4.6;    1.1;   -0.7;eor
       1443;20210125;    3;  11.1;   3.8;    3;   1.1;   8;    0.250;   0;   7.8;   5.9;  977.61;    2.2;   82.83;    3.9;   -0.3;   -3.4;eor
       1443;20210126;    3;  12.5;   4.6;    3;   0.0;   8;    2.750;   0;   7.2;   5.3;  992.74;    1.9;   76.08;    4.0;   -2.2;   -4.3;eor
       1443;20210127;    3;  11.6;   3.5;    3;   5.9;   8;    0.000;   0;   7.7;   5.8;  989.12;    2.3;   80.08;    5.7;   -1.1;   -3.0;eor
       1443;20210128;    3;  15.9;   5.6;    3;  17.8;   6;    0.000;   0;   7.7;  10.5;  981.22;    9.5;   87.38;   12.4;    4.8;    3.9;eor
       1443;20210129;    3;  15.3;   5.8;    3;   7.2;   6;    0.200;   0;   7.9;  10.0;  976.59;    9.9;   81.63;   12.2;    7.5;    6.3;eor
       1443;20210130;    3;  11.0;   4.3;    3;   7.2;   6;    0.000;   0;   7.6;   9.0;  972.74;    8.4;   81.83;    9.6;    5.4;    5.2;eor
       1443;20210131;    3;   4.8;   1.6;    3;   4.3;   6;    0.000;   0;   8.0;   7.6;  970.99;    3.6;   96.63;    5.4;    2.2;    2.3;eor
       1443;20210201;    3;  11.5;   3.6;    3;   7.7;   6;    0.000;   0;   7.9;   9.6;  968.03;    8.5;   86.33;   10.6;    4.0;    4.0;eor
       1443;20210202;    3;  15.6;   5.8;    3;   7.0;   6;    0.067;   0;   7.8;  10.5;  977.94;   11.2;   78.29;   13.5;    7.9;    6.1;eor
       1443;20210203;    1;  15.6;   5.8;    1;   2.7;   6;    0.100;   0;   7.7;  10.8;  977.72;   12.3;   75.58;   14.0;    9.3;    8.3;eor
       1443;20210204;    1;  10.6;   2.0;    1;   0.1;   6;    5.217;   0;   6.6;   8.7;  986.39;    9.0;   76.50;   13.0;    2.7;   -0.7;eor
       1443;20210205;    1;   7.1;   1.4;    1;   1.9;   6;    0.717;   0;   7.9;  10.0;  983.98;    8.8;   89.21;   13.6;    6.0;    4.5;eor
       1443;20210206;    1;   7.9;   1.5;    1;   0.2;   6;    0.000;   0;   7.8;   9.9;  976.83;    7.4;   96.71;    8.3;    6.6;    6.1;eor
       1443;20210207;    1;  11.5;   3.7;    1;   3.1;   6;    0.000;   0;   7.9;   8.3;  969.33;    6.8;   83.67;    9.9;    4.8;    3.3;eor
       1443;20210208;    1;   9.9;   3.0;    1;   1.5;   8;    0.000;   0;   7.3;   6.1;  969.27;    2.2;   86.04;    4.9;    0.1;   -0.1;eor
       1443;20210209;    1;   6.3;   2.0;    1;   2.6;   8;    0.000;   0;   8.0;   5.3;  974.05;   -0.7;   91.54;    0.6;   -4.4;   -3.8;eor
       1443;20210210;    1;   7.6;   2.6;    1;   4.5;   7;    0.000;   2;   7.8;   3.5;  978.84;   -5.7;   86.67;   -4.2;   -6.9;   -5.7;eor
       1443;20210211;    1;   8.4;   2.3;    1;   0.0;   0;    8.350;   6;   3.2;   2.7;  996.05;   -5.3;   67.63;   -0.8;  -12.1;  -12.7;eor
       1443;20210212;    1;  11.3;   2.1;    1;   0.0;   0;    8.600;   5;   5.2;   2.5;  997.50;   -6.1;   66.71;    0.4;  -13.7;  -20.0;eor
       1443;20210213;    1;  10.8;   3.1;    1;   0.0;   0;    8.733;   5;   0.0;   1.8; 1003.50;   -3.3;   38.88;    1.5;  -10.1;  -17.4;eor
       1443;20210214;    1;   4.5;   1.2;    1;   0.0;   0;    8.317;   5;   4.9;   2.5; 1007.40;   -6.3;   66.54;    0.3;  -14.5;  -21.0;eor
       1443;20210215;    1;  10.1;   1.8;    1;   0.6;   6;    0.000;   5;   7.9;   4.5; 1002.28;    0.6;   69.67;    8.1;   -8.2;  -14.3;eor
       1443;20210216;    1;  11.7;   2.9;    1;   0.1;   6;    2.967;   0;   7.9;   7.6;  992.91;    8.9;   66.00;   13.5;    4.4;    1.5;eor
       1443;20210217;    1;  11.3;   4.2;    1;   0.0;   0;    3.067;   0;   7.2;   8.2;  993.42;    8.9;   71.92;   12.5;    0.8;   -2.6;eor
       1443;20210218;    1;  12.8;   1.5;    1;   1.7;   6;    3.683;   0;   7.8;   7.4;  987.82;    6.5;   77.54;   14.2;   -1.2;   -4.2;eor
       1443;20210219;    1;  10.7;   2.7;    1;   0.0;   6;    3.717;   0;   7.7;   9.3;  990.66;   10.0;   75.79;   14.7;    3.5;    0.0;eor
       1443;20210220;    1;   4.2;   0.9;    1;   0.0;   0;    9.000;   0;   7.1;   8.0;  989.44;    8.3;   75.96;   19.2;    0.5;   -2.1;eor
       1443;20210221;    1;   4.1;   1.0;    1;   0.0;   0;    9.183;   0;   0.5;   7.1;  988.94;    7.9;   69.67;   18.0;   -0.4;   -3.4;eor
       1443;20210222;    1;   3.5;   1.0;    1;   0.0;   0;    5.600;   0;   5.3;   7.6;  994.14;    7.9;   73.67;   17.2;    0.1;   -3.4;eor
       1443;20210223;    1;   5.7;   1.1;    1;   0.0;   0;    8.283;   0;   0.3;   8.6; 1005.10;   10.1;   71.46;   19.1;    2.4;   -1.5;eor
       1443;20210224;    1;   5.0;   0.8;    1;   0.0;   0;    7.917;   0;   0.0;   8.9; 1004.28;   11.1;   69.96;   21.4;    3.6;   -0.2;eor
       1443;20210225;    1;   8.3;   1.5;    1;   0.0;   0;    9.217;   0;   0.2;   7.1; 1001.02;   11.3;   58.42;   21.4;    2.6;   -1.8;eor
       1443;20210226;    1;   9.0;   2.3;    1;   0.0;   6;    6.050;   0;   5.7;   7.7; 1002.12;    8.8;   69.42;   17.3;    3.1;   -1.3;eor
       1443;20210227;    1;  10.1;   2.9;    1;   0.0;   0;    9.450;   0;   2.4;   6.1; 1005.11;    7.3;   61.79;   12.0;    0.6;   -4.4;eor
       1443;20210228;    1;   6.6;   2.3;    1;   0.0;   0;    9.517;   0;   0.0;   6.0; 1003.20;    4.5;   71.54;   11.1;   -0.2;   -4.5;eor
       1443;20210301;    1;   5.3;   1.0;    1;   0.0;   0;    9.550;   0;   0.0;   6.1; 1001.58;    4.5;   74.13;   12.0;   -2.2;   -6.8;eor
       1443;20210302;    1;   4.3;   1.0;    1;   0.0;   0;    9.517;   0;   2.0;   6.4; 1002.22;    6.7;   68.92;   16.7;   -1.4;   -5.8;eor
       1443;20210303;    1;   6.8;   1.1;    1;   0.0;   0;    0.000;   0;   8.0;   6.7; 1000.67;    8.5;   63.46;   15.2;    2.7;   -1.3;eor
       1443;20210304;    1;  10.9;   3.8;    1;   2.6;   6;    4.617;   0;   7.7;   7.4;  992.66;   10.9;   57.96;   14.8;    7.7;    3.6;eor
       1443;20210305;    1;   9.0;   2.7;    1;   0.0;   6;    0.017;   0;   7.4;   7.2;  994.75;    5.4;   79.71;    8.2;    2.2;   -2.8;eor
       1443;20210306;    1;   9.0;   2.9;    1;   0.0;   0;    9.900;   0;   0.0;   4.8;  999.00;    3.8;   60.79;    9.5;   -2.4;   -6.5;eor
       1443;20210307;    1;   7.2;   1.4;    1;   0.0;   0;    8.517;   0;   4.2;   5.6;  993.84;    4.5;   66.13;   11.7;   -2.0;   -6.3;eor
       1443;20210308;    1;   8.4;   2.0;    1;   0.0;   0;    9.483;   0;   1.9;   4.9;  991.35;    2.5;   69.46;    9.3;   -3.1;   -7.6;eor
       1443;20210309;    1;   5.5;   1.3;    1;   0.0;   6;    7.517;   0;   7.0;   4.9;  990.26;    3.2;   65.58;    9.3;   -3.7;   -7.7;eor
       1443;20210310;    1;   7.3;   2.0;    1;   0.0;   6;    7.333;   0;   7.8;   5.8;  990.95;    7.5;   57.58;   12.1;    2.5;   -0.5;eor
       1443;20210311;    1;  16.3;   6.5;    1;   8.3;   6;    0.000;   0;   7.7;   8.8;  982.79;   11.3;   65.79;   14.6;    6.7;    5.0;eor
       1443;20210312;    1;  16.9;   5.9;    1;   0.1;   6;    4.717;   0;   6.7;   7.1;  986.49;    8.5;   64.83;   11.1;    5.6;    3.8;eor
       1443;20210313;    1;  21.0;   8.3;    1;   9.4;   8;    0.000;   0;   7.8;   7.2;  980.82;    8.1;   67.54;   12.3;    4.2;    3.2;eor
       1443;20210314;    1;  13.0;   5.0;    1;   4.9;   6;    0.083;   0;   7.7;   6.9;  986.18;    4.7;   80.58;    6.1;    3.2;    2.1;eor
       1443;20210315;    1;  13.9;   4.2;    1;   4.5;   6;    1.100;   0;   7.7;   7.2;  987.80;    5.4;   80.21;    8.7;    3.2;   -0.1;eor
       1443;20210316;    1;   8.6;   2.5;    1;   2.4;   6;    0.450;   0;   7.8;   6.4;  995.72;    5.1;   73.38;    7.9;    3.5;    2.2;eor
       1443;20210317;    1;   7.2;   1.6;    1;   3.1;   8;    0.733;   0;   7.5;   7.0;  994.56;    3.7;   88.33;    7.3;    1.6;    0.9;eor
       1443;20210318;    1;   7.5;   1.7;    1;   0.1;   8;    2.717;   0;   7.3;   5.7;  993.90;    2.6;   78.50;    6.4;   -1.6;   -4.0;eor
       1443;20210319;    1;  10.4;   1.9;    1;   2.1;   8;    0.767;   0;   6.4;   5.9;  990.80;    1.8;   84.96;    4.6;   -1.5;   -4.6;eor
       1443;20210320;    1;  10.0;   2.3;    1;   0.0;   0;    8.767;   0;   4.5;   4.4;  997.19;    1.6;   67.00;    6.3;   -4.6;   -7.4;eor
       1443;20210321;    1;   5.2;   1.6;    1;   0.0;   6;    0.000;   0;   7.8;   5.0;  994.07;    3.4;   64.04;    5.7;   -1.1;   -4.1;eor
       1443;20210322;    1;   6.8;   1.6;    1;   0.0;   0;    0.000;   0;   7.5;   5.8;  995.01;    3.3;   75.96;    6.2;   -1.2;   -3.8;eor
       1443;20210323;    1;   7.6;   1.7;    1;   0.0;   0;    5.000;   0;   6.0;   6.4;  997.22;    6.0;   70.00;   11.5;    0.4;   -3.6;eor
       1443;20210324;    1;   4.7;   1.1;    1;   0.0;   0;   11.100;   0;   0.3;   6.6;  995.90;    7.2;   68.92;   17.1;   -1.7;   -5.1;eor
       1443;20210325;    1;   9.8;   1.9;    1;   0.0;   0;    8.067;   0;   7.1;   7.1;  993.41;    9.4;   63.50;   17.5;    0.7;   -3.8;eor
       1443;20210326;    1;   9.4;   2.2;    1;   7.2;   6;    7.850;   0;   4.9;   8.3;  991.63;   11.4;   63.50;   18.0;    2.2;   -1.8;eor
       1443;20210327;    1;  13.0;   4.3;    1;   0.0;   0;    7.633;   0;   5.7;   6.8;  997.85;    9.6;   57.79;   12.3;    3.6;   -1.8;eor
       1443;20210328;    1;   6.7;   1.8;    1;   0.0;   0;   11.167;   0;   5.4;   6.1; 1002.41;    8.9;   57.54;   16.8;   -0.5;   -3.9;eor
       1443;20210329;    1;   3.8;   1.1;    1;   0.0;   0;   11.250;   0;   6.9;   5.8; 1003.65;   12.2;   45.71;   22.0;    2.1;   -2.7;eor
       1443;20210330;    1;   5.2;   1.1;    1;   0.0;   0;   11.317;   0;   0.8;   7.5; 1001.57;   13.4;   51.92;   22.7;    3.8;   -1.4;eor
       1443;20210331;    1;   4.0;   1.0;    1;   0.0;   0;   11.167;   0;   0.9;   8.2;  995.18;   15.5;   52.63;   26.2;    5.1;    0.3;eor
       1443;20210401;    1;   7.0;   1.6;    1;   0.0;   0;   10.550;   0;   1.0;   8.7;  990.81;   16.5;   49.79;   25.3;    7.1;    2.7;eor
       1443;20210402;    1;   9.6;   2.9;    1;   0.0;   0;   11.117;   0;   0.1;   7.6;  990.94;   10.3;   61.67;   15.4;    4.0;   -1.0;eor
       1443;20210403;    1;  10.7;   2.7;    1;   0.0;   0;    7.700;   0;   3.8;   5.3;  994.38;    6.9;   55.63;   11.9;    1.3;   -3.6;eor
       1443;20210404;    1;  10.3;   2.5;    1;   0.0;   0;   11.583;   0;   0.0;   5.5;  992.67;    6.9;   57.71;   14.4;   -1.2;   -5.5;eor
       1443;20210405;    1;  20.7;   4.0;    1;   1.8;   8;    2.067;   0;   6.4;   6.0;  985.05;    5.9;   67.46;   13.5;    0.0;   -4.0;eor
       1443;20210406;    1;   9.4;   2.5;    1;   0.6;   7;    2.967;   0;   5.8;   4.6;  987.37;    1.7;   67.08;    5.5;   -2.4;   -6.0;eor
       1443;20210407;    1;  11.5;   3.3;    1;   0.5;   8;    1.150;   0;   7.6;   4.8;  992.99;    2.4;   67.13;    5.4;   -0.7;   -0.9;eor
       1443;20210408;    1;   8.7;   2.6;    1;   0.0;   0;    8.883;   0;   4.3;   4.2;  995.89;    6.2;   45.58;   11.5;   -0.2;   -4.4;eor
       1443;20210409;    1;  12.8;   3.4;    1;   0.1;   6;    5.050;   0;   8.0;   5.6;  989.05;   10.0;   49.13;   18.0;   -0.8;   -4.7;eor
       1443;20210410;    1;  14.5;   4.0;    1;   0.3;   6;    6.067;   0;   7.9;   7.3;  985.61;   14.2;   46.13;   18.8;    9.0;    7.3;eor
       1443;20210411;    1;  11.5;   3.3;    1;  22.5;   8;    2.700;   0;   7.7;   9.4;  983.53;   12.6;   66.13;   19.9;    3.2;    3.4;eor
       1443;20210412;    1;   8.2;   1.9;    1;   0.8;   8;    3.167;   0;   5.8;   6.0;  997.92;    4.2;   74.79;    9.1;   -0.3;   -3.5;eor
       1443;20210413;    1;   9.1;   2.0;    1;   1.7;   8;    3.467;   0;   5.5;   5.8; 1001.09;    3.0;   76.79;    8.2;   -1.4;   -4.6;eor
       1443;20210414;    1;  13.4;   2.3;    1;   0.0;   6;    3.783;   0;   4.3;   5.0;  998.65;    3.4;   66.92;    9.5;   -3.1;   -6.2;eor
       1443;20210415;    1;  10.1;   2.4;    1;   0.0;   6;    5.400;   0;   5.2;   5.1;  996.84;    4.0;   65.25;   10.3;   -1.5;   -5.3;eor
       1443;20210416;    1;  10.8;   2.6;    1;   0.0;   0;    8.800;   0;   3.0;   4.8;  994.45;    4.0;   61.92;   10.0;   -2.7;   -7.0;eor
